definitions:
  wind_inflow:
    description: inflow for current wind conditions
    properties:
      direction:
        bins: [0.0, 4.5, 9.0, 13.5, 18.0, 22.5, 27.0, 31.5, 36.0, 40.5, 45.0, 49.5,
          54.0, 58.5, 63.0, 67.5, 72.0, 76.5, 81.0, 85.5, 90.0, 94.5, 99.0, 103.5,
          108.0, 112.5, 117.0, 121.5, 126.0, 130.5, 135.0, 139.5, 144.0, 148.5, 153.0,
          157.5, 162.0, 166.5, 171.0, 175.5, 180.0, 184.5, 189.0, 193.5, 198.0, 202.5,
          207.0, 211.5, 216.0, 220.5, 225.0, 229.5, 234.0, 238.5, 243.0, 247.5, 252.0,
          256.5, 261.0, 265.5, 270.0, 274.5, 279.0, 283.5, 288.0, 292.5, 297.0, 301.5,
          306.0, 310.5, 315.0, 319.5, 324.0, 328.5, 333.0, 337.5, 342.0, 346.5, 351.0,
          355.5]
        description: The wind direction frequencies. Binned in degrees, with North
          as the 0.
        frequency: [0.0078007800780078, 0.007475747574757476, 0.007150715071507151,
          0.006825682568256825, 0.0065006500650065, 0.006469396939693969, 0.006438143814381438,
          0.006406890689068906, 0.006375637563756375, 0.006363136313631363, 0.006350635063506351,
          0.006338133813381337, 0.0063256325632563256, 0.006600660066006601, 0.006875687568756876,
          0.007150715071507151, 0.007425742574257426, 0.008050805080508051, 0.008675867586758677,
          0.0093009300930093, 0.009925992599259926, 0.010607310731073107, 0.011288628862886287,
          0.01196994699469947, 0.012651265126512651, 0.012676267626762674, 0.012701270127012701,
          0.012726272627262726, 0.01275127512751275, 0.012157465746574657, 0.011563656365636563,
          0.010969846984698469, 0.010376037603760376, 0.01036978697869787, 0.010363536353635364,
          0.010357285728572857, 0.010351035103510351, 0.011026102610261027, 0.011701170117011701,
          0.012376237623762377, 0.013051305130513053, 0.013751375137513752, 0.014451445144514453,
          0.015151515151515152, 0.01585158515851585, 0.0163016301630163, 0.01675167516751675,
          0.017201720172017203, 0.01765176517651765, 0.01775802580258026, 0.017864286428642864,
          0.01797054705470547, 0.018076807680768078, 0.017914291429142915, 0.017751775177517755,
          0.01758925892589259, 0.017426742674267425, 0.017245474547454745, 0.017064206420642065,
          0.016882938293829385, 0.0167016701670167, 0.01675167516751675, 0.0168016801680168,
          0.016851685168516848, 0.016901690169016898, 0.016907940794079406, 0.01691419141914191,
          0.01692044204420442, 0.016926692669266927, 0.016526652665266525, 0.016126612661266127,
          0.015726572657265726, 0.015326532653265326, 0.014395189518951895, 0.013463846384638463,
          0.012532503250325032, 0.0116011601160116, 0.01065106510651065, 0.0097009700970097,
          0.00875087508750875]
        maximum: 360.0
        minimum: 0.0
        units: deg
      speed:
        bins: [0.9, 1.98, 3.18, 4.4, 5.64, 6.87, 8.11, 9.35, 10.59, 11.83, 13.07,
          14.31, 15.56, 16.8, 18.04, 19.28, 20.52, 21.77, 23.01, 24.25]
        desctiption: wind speed frequency samples for each binned direction and wind
          speed
        frequency:
        - [0.015640175, 0.0497090909, 0.0811024638, 0.1050883329, 0.1190301631, 0.1222668202,
          0.1159445367, 0.1025108097, 0.0850102571, 0.0663764744, 0.0489239316, 0.0340999223,
          0.0225045684, 0.0140748572, 0.0083476946, 0.0046969535, 0.0025085092, 0.0012722583,
          0.0006121243, 0.0002800569]
        - [0.0160998051, 0.05099289815, 0.08292174105, 0.10703448685, 0.120686419475,
          0.1233151818, 0.1162354924, 0.102076051, 0.08402190845, 0.065076839375,
          0.04755225205, 0.032840896525, 0.021465871275, 0.013291408225, 0.007802170475,
          0.004343794775, 0.00229517205, 0.0011514628499999999, 0.00054810185, 0.00024804635000000004]
        - [0.0165594352, 0.0522767054, 0.0847410183, 0.1089806408, 0.12234267585,
          0.1243635434, 0.1165264481, 0.10164129229999999, 0.08303355979999999, 0.06377720435,
          0.0461805725, 0.031581870750000005, 0.02042717415, 0.01250795925, 0.00725664635,
          0.0039906360499999995, 0.0020818349, 0.0010306674, 0.0004840794, 0.0002160358]
        - [0.0170190653, 0.05356051265, 0.08656029555, 0.11092679475, 0.123998932225,
          0.12541190500000002, 0.1168174038, 0.1012065336, 0.08204521114999999, 0.062477569324999996,
          0.04480889295, 0.030322844975000002, 0.019388477025000003, 0.011724510275,
          0.006711122225, 0.003637477325, 0.0018684977499999998, 0.00090987195, 0.00042005695,
          0.00018402525000000002]
        - [0.0174786954, 0.0548443199, 0.0883795728, 0.1128729487, 0.1256551886, 0.1264602666,
          0.1171083595, 0.1007717749, 0.0810568625, 0.0611779343, 0.0434372134, 0.0290638192,
          0.0183497799, 0.0109410613, 0.0061655981, 0.0032843186, 0.0016551606, 0.0007890765,
          0.0003560345, 0.0001520147]
        - [0.01719314815, 0.054673409675, 0.088754626175, 0.113831616, 0.126967905975,
          0.127767220525, 0.1180724571, 0.1011923752, 0.08091127055, 0.06059065665,
          0.042606470925, 0.028186062425, 0.017567452875, 0.010326361725, 0.00573023285,
          0.0030035057, 0.0014883780999999999, 0.0006975606500000001, 0.000309277175,
          0.00013001152500000002]
        - [0.0169076009, 0.054502499450000005, 0.08912967955000001, 0.1147902833,
          0.12828062335, 0.12907417445000002, 0.11903655469999999, 0.10161297550000001,
          0.0807656786, 0.060003378999999996, 0.04177572845, 0.02730830565, 0.01678512585,
          0.009711662150000001, 0.0052948676, 0.0027226928, 0.0013215955999999998,
          0.0006060448000000001, 0.00026251985, 0.00010800835]
        - [0.01662205365, 0.054331589225000004, 0.089504732925, 0.11574895060000001,
          0.129593340725, 0.13038112837500002, 0.1200006523, 0.1020335758, 0.08062008664999999,
          0.05941610135, 0.040944985975, 0.026430548875, 0.016002798825, 0.009096962575,
          0.00485950235, 0.0024418799, 0.0011548130999999998, 0.00051452895, 0.000215762525,
          8.6005175e-05]
        - [0.0163365064, 0.054160679, 0.0898797863, 0.1167076179, 0.1309060581, 0.1316880823,
          0.1209647499, 0.1024541761, 0.0804744947, 0.0588288237, 0.0401142435, 0.0255527921,
          0.0152204718, 0.008482263, 0.0044241371, 0.002161067, 0.0009880306, 0.0004230131,
          0.00016900520000000003, 6.4002e-05]
        - [0.0155414094, 0.052697867950000005, 0.088708781425, 0.11637272300000001,
          0.13151309357500002, 0.132970619575, 0.122463598075, 0.103730374075, 0.0812633092,
          0.05908500245, 0.039959021475, 0.025175898175, 0.01479313425, 0.008113213025,
          0.004156110375, 0.001990553575, 0.0008912742999999999, 0.00037351032499999997,
          0.00014625407499999998, 5.4251550000000004e-05]
        - [0.0147463124, 0.051235056900000006, 0.08753777655, 0.1160378281, 0.13212012905,
          0.13425315685, 0.12396244625, 0.10500657205, 0.08205212370000001, 0.059341181199999996,
          0.039803799449999996, 0.02479900425, 0.014365796699999999, 0.007744163050000001,
          0.00388808365, 0.00182004015, 0.0007945179999999999, 0.00032400755, 0.00012350295,
          4.45011e-05]
        - [0.0139512154, 0.04977224585, 0.086366771675, 0.1157029332, 0.132727164525,
          0.135535694125, 0.12546129442499998, 0.106282770025, 0.0828409382, 0.05959735995,
          0.039648577425, 0.024422110325, 0.01393845915, 0.007375113075, 0.003620056925,
          0.001649526725, 0.0006977616999999999, 0.000274504775, 0.000100751825, 3.4750649999999996e-05]
        - [0.0131561184, 0.0483094348, 0.0851957668, 0.1153680383, 0.1333342, 0.1368182314,
          0.1269601426, 0.107558968, 0.0836297527, 0.0598535387, 0.0394933554, 0.0240452164,
          0.0135111216, 0.0070060631, 0.0033520302, 0.0014790133, 0.0006010054, 0.00022500199999999997,
          7.80007e-05, 2.5000199999999998e-05]
        - [0.012278377375, 0.04587348035, 0.0819091133, 0.11213318845, 0.1309826457,
          0.13586970565, 0.1274983734, 0.10927243365, 0.085981186675, 0.062290932425,
          0.041611708425, 0.02564903415, 0.014588662475, 0.007654835725000001, 0.003703791675,
          0.00165151865, 0.000677507675, 0.0002557529, 8.9251025e-05, 2.8500300000000002e-05]
        - [0.01140063635, 0.0434375259, 0.0786224598, 0.1088983386, 0.1286310914,
          0.1349211799, 0.12803660420000001, 0.1109858993, 0.08833262065, 0.06472832615,
          0.043730061449999996, 0.0272528519, 0.01566620335, 0.00830360835, 0.00405555315,
          0.001824024, 0.00075400995, 0.0002865038, 0.00010050135, 3.20004e-05]
        - [0.010522895325, 0.04100157145, 0.0753358063, 0.10566348874999999, 0.1262795371,
          0.13397265414999998, 0.128574835, 0.11269936495, 0.090684054625, 0.067165719875,
          0.045848414475, 0.02885666965, 0.016743744225, 0.008952380975, 0.0044073146249999995,
          0.00199652935, 0.000830512225, 0.0003172547, 0.00011175167500000001, 3.5500500000000003e-05]
        - [0.0096451543, 0.038565617, 0.0720491528, 0.1024286389, 0.1239279828, 0.1330241284,
          0.1291130658, 0.1144128306, 0.0930354886, 0.0696031136, 0.0479667675, 0.0304604874,
          0.0178212851, 0.0096011536, 0.0047590761, 0.0021690347, 0.0009070145, 0.0003480056,
          0.000123002, 3.90006e-05]
        - [0.008712932275, 0.035586262550000004, 0.0675257216, 0.09735315309999999,
          0.119468930625, 0.130187465175, 0.12844822195, 0.11588272625, 0.096096300825,
          0.073445291125, 0.051799787725, 0.0337243551, 0.0202632742, 0.011229046475,
          0.00573340445, 0.0026948240750000003, 0.001163532625, 0.0004612632, 0.0001680049,
          5.5501625e-05]
        - [0.00778071025, 0.0326069081, 0.0630022904, 0.0922776673, 0.11500987844999999,
          0.12735080195, 0.1277833781, 0.11735262190000001, 0.09915711305, 0.07728746865,
          0.05563280795, 0.0369882228, 0.0227052633, 0.012856939349999999, 0.0067077327999999995,
          0.00322061345, 0.00142005075, 0.0005745208, 0.00021300780000000003, 7.200265e-05]
        - [0.006848488225, 0.02962755365, 0.058478859200000004, 0.0872021815, 0.110550826275,
          0.124514138725, 0.12711853425000003, 0.11882251755, 0.102217925275, 0.081129646175,
          0.059465828175, 0.040252090500000004, 0.0251472524, 0.014484832224999999,
          0.00768206115, 0.003746402825, 0.001676568875, 0.0006877783999999999, 0.0002580107,
          8.850367499999999e-05]
        - [0.0059162662, 0.0266481992, 0.053955428, 0.0821266957, 0.1060917741, 0.1216774755,
          0.1264536904, 0.1202924132, 0.1052787375, 0.0849718237, 0.0632988484, 0.0435159582,
          0.0275892415, 0.0161127251, 0.0086563895, 0.0042721922, 0.001933087, 0.000801036,
          0.0003030136, 0.0001050047]
        - [0.0052850107, 0.024412718125, 0.050326030875, 0.077778937025, 0.10194194144999999,
          0.11863357765, 0.12515395037500002, 0.120923270575, 0.10754836155, 0.088248883225,
          0.06684803122499999, 0.046726733125, 0.030108109100000002, 0.017855459325,
          0.009728025099999999, 0.00485976335, 0.002220870775, 0.00092655045, 0.000352019175,
          0.000121756625]
        - [0.0046537552, 0.02217723705, 0.04669663375, 0.07343117835, 0.0977921088,
          0.11558967980000001, 0.12385421035000001, 0.12155412795000001, 0.1098179856,
          0.09152594275, 0.07039721404999999, 0.04993750805, 0.032626976700000004,
          0.01959819355, 0.0107996607, 0.0054473345, 0.0025086545500000003, 0.0010520649,
          0.00040102474999999997, 0.00013850855]
        - [0.0040224997, 0.019941755975, 0.043067236625000005, 0.06908341967500001,
          0.09364227615000001, 0.11254578195, 0.12255447032500001, 0.122184985325,
          0.11208760965, 0.094803002275, 0.073946396875, 0.053148282975, 0.0351458443,
          0.021340927775, 0.0118712963, 0.00603490565, 0.002796438325, 0.0011775793500000001,
          0.000450030325, 0.000155260475]
        - [0.0033912442, 0.0177062749, 0.0394378395, 0.064735661, 0.0894924435, 0.1095018841,
          0.1212547303, 0.1228158427, 0.1143572337, 0.0980800618, 0.0774955797, 0.0563590579,
          0.0376647119, 0.023083662, 0.0129429319, 0.0066224768, 0.0030842221, 0.0013030938,
          0.0004990359, 0.0001720124]
        - [0.00311872515, 0.016628450625, 0.03757046305, 0.06237775505, 0.087117292475,
          0.10763152495, 0.12030844155, 0.122979635375, 0.115530347925, 0.09992447095000001,
          0.07956800035, 0.058262960975, 0.0391563302, 0.024095741650000002, 0.01354047875,
          0.0069285008, 0.003218732675, 0.001353097775, 0.0005137871, 0.000175262675]
        - [0.0028462061, 0.01555062635, 0.0357030866, 0.0600198491, 0.08474214145,
          0.1057611658, 0.11936215280000001, 0.12314342805, 0.11670346214999999, 0.1017688801,
          0.08164042099999999, 0.060166864050000005, 0.0406479485, 0.0251078213, 0.0141380256,
          0.007234524799999999, 0.0033532432500000004, 0.00140310175, 0.0005285382999999999,
          0.00017851295]
        - [0.00257368705, 0.014472802075, 0.03383571015, 0.05766194315, 0.082366990425,
          0.10389080665, 0.11841586405, 0.123307220725, 0.117876576375, 0.10361328924999999,
          0.08371284165, 0.062070767125, 0.0421395668, 0.02611990095, 0.01473557245,
          0.0075405488, 0.0034877538250000003, 0.001453105725, 0.0005432895, 0.000181763225]
        - [0.002301168, 0.0133949778, 0.0319683337, 0.0553040372, 0.0799918394, 0.1020204475,
          0.1174695753, 0.1234710134, 0.1190496906, 0.1054576984, 0.0857852623, 0.0639746702,
          0.0436311851, 0.0271319806, 0.0153331193, 0.0078465728, 0.0036222644, 0.0015031097,
          0.0005580407, 0.0001850135]
        - [0.0022789197, 0.013292989849999999, 0.03176711575, 0.055015097325, 0.07965468275,
          0.10169532485, 0.117222732, 0.12335618952499999, 0.11908962232499999, 0.10563737077499999,
          0.086057912525, 0.0642790402, 0.043912022725, 0.0273547889, 0.0154876545,
          0.007940842025, 0.003673273875, 0.001527363875, 0.00056829235, 0.00018876407499999998]
        - [0.0022566714, 0.013191001899999999, 0.0315658978, 0.05472615745, 0.07931752610000001,
          0.10137020220000001, 0.1169758887, 0.12324136564999999, 0.11912955405, 0.10581704315,
          0.08633056275, 0.0645834102, 0.04419286035, 0.027577597199999998, 0.0156421897,
          0.008035111250000001, 0.00372428335, 0.00155161805, 0.0005785440000000001,
          0.00019251465]
        - [0.0022344231, 0.01308901395, 0.03136467985, 0.054437217574999995, 0.07898036945,
          0.10104507955, 0.11672904540000001, 0.123126541775, 0.119169485775, 0.10599671552500001,
          0.086603212975, 0.06488778020000001, 0.044473697975, 0.0278004055, 0.0157967249,
          0.008129380475, 0.003775292825, 0.001575872225, 0.00058879565, 0.00019626522500000001]
        - [0.0022121748, 0.012987026, 0.0311634619, 0.0541482777, 0.0786432128, 0.1007199569,
          0.1164822021, 0.1230117179, 0.1192094175, 0.1061763879, 0.0868758632, 0.0651921502,
          0.0447545356, 0.0280232138, 0.0159512601, 0.0082236497, 0.0038263023, 0.0016001264,
          0.0005990473, 0.0002000158]
        - [0.002300471525, 0.013295020725, 0.031606257375, 0.054565175774999995, 0.0788632128,
          0.100623254425, 0.116048196375, 0.122333528975, 0.1184644102, 0.105558196475,
          0.0865221599, 0.06514015335000001, 0.044944506075, 0.028341693075, 0.01628530445,
          0.00849881595, 0.0040156383, 0.001711916975, 0.000656314675, 0.00022577252500000002]
        - [0.00238876825, 0.01360301545, 0.03204905285, 0.05498207384999999, 0.0790832128,
          0.10052655195, 0.11561419065, 0.12165534005, 0.11771940289999999, 0.10494000505000001,
          0.0861684566, 0.0650881565, 0.04513447655, 0.02866017235, 0.0166193488,
          0.008773982199999999, 0.0042049743, 0.0018237075500000001, 0.00071358205,
          0.00025152925]
        - [0.002477064975, 0.013911010175, 0.032491848325, 0.055398971925, 0.07930321280000001,
          0.100429849475, 0.11518018492500001, 0.120977151125, 0.1169743956, 0.104321813625,
          0.08581475329999999, 0.06503615965, 0.045324447025, 0.028978651624999997,
          0.01695339315, 0.009049148449999999, 0.0043943103, 0.0019354981250000003,
          0.000770849425, 0.000277285975]
        - [0.0025653617, 0.0142190049, 0.0329346438, 0.05581587, 0.0795232128, 0.100333147,
          0.1147461792, 0.1202989622, 0.1162293883, 0.1037036222, 0.08546105, 0.0649841628,
          0.0455144175, 0.0292971309, 0.0172874375, 0.0093243147, 0.0045836463, 0.0020472887,
          0.0008281168, 0.0003030427]
        - [0.0027080221500000003, 0.014660532475, 0.033501549025, 0.056259509725,
          0.079618301875, 0.0999537655, 0.113917548925, 0.11919674285, 0.115122235275,
          0.102857492175, 0.08504774212499999, 0.06503233624999999, 0.0459225849,
          0.02989338275, 0.01790190775, 0.009841647525, 0.00495622065, 0.0022819554,
          0.000958945725, 0.000367576925]
        - [0.0028506826, 0.015102060050000001, 0.034068454250000005, 0.05670314945,
          0.07971339095, 0.099574384, 0.11308891865000001, 0.11809452349999999, 0.11401508225,
          0.10201136215, 0.08463443425, 0.0650805097, 0.0463307523, 0.030489634600000003,
          0.018516378, 0.01035898035, 0.005328795, 0.0025166221, 0.00108977465, 0.00043211115]
        - [0.0029933430499999997, 0.015543587625, 0.034635359475, 0.057146789175,
          0.079808480025, 0.0991950025, 0.112260288375, 0.11699230415, 0.112907929225,
          0.101165232125, 0.08422112637500001, 0.06512868315, 0.0467389197, 0.031085886450000003,
          0.01913084825, 0.010876313175, 0.00570136935, 0.0027512888, 0.001220603575,
          0.000496645375]
        - [0.0031360035, 0.0159851152, 0.0352022647, 0.0575904289, 0.0799035691, 0.098815621,
          0.1114316581, 0.1158900848, 0.1118007762, 0.1003191021, 0.0838078185, 0.0651768566,
          0.0471470871, 0.0316821383, 0.0197453185, 0.011393646, 0.0060739437, 0.0029859555,
          0.0013514325, 0.0005611796]
        - [0.003377324925, 0.016668839775, 0.0360449324, 0.058253150049999994, 0.080103107525,
          0.098406450125, 0.110450048375, 0.11454296917500001, 0.110397122475, 0.099168517775,
          0.08312436922500001, 0.0650265899, 0.047453013675, 0.032277433425, 0.02044300735,
          0.01204454095, 0.00659359235, 0.0033516085749999997, 0.0015815298750000001,
          0.000691852025]
        - [0.00361864635, 0.017352564350000002, 0.0368876001, 0.0589158712, 0.08030264595,
          0.09799727925000001, 0.10946843865, 0.11319585355, 0.10899346874999999,
          0.09801793345000001, 0.08244091995, 0.0648763232, 0.04775894025, 0.03287272855,
          0.0211406962, 0.0126954359, 0.007113240999999999, 0.00371726165, 0.00181162725,
          0.00082252445]
        - [0.003859967775, 0.018036288925, 0.0377302678, 0.05957859235, 0.08050218437500001,
          0.09758810837500001, 0.108486828925, 0.111848737925, 0.107589815025, 0.096867349125,
          0.081757470675, 0.0647260565, 0.048064866825, 0.033468023675, 0.02183838505,
          0.013346330850000001, 0.0076328896499999995, 0.004082914725, 0.002041724625,
          0.000953196875]
        - [0.0041012892, 0.0187200135, 0.0385729355, 0.0602413135, 0.0807017228, 0.0971789375,
          0.1075052192, 0.1105016223, 0.1061861613, 0.0957167648, 0.0810740214, 0.0645757898,
          0.0483707934, 0.0340633188, 0.0225360739, 0.0139972258, 0.0081525383, 0.0044485678,
          0.002271822, 0.0010838693]
        - [0.00444488665, 0.019619603775, 0.039671727725, 0.0611738338, 0.0811780251,
          0.09704775235, 0.106782117225, 0.109352431525, 0.104868608925, 0.0945015753,
          0.0801699587, 0.06408515285000001, 0.0482846254, 0.03428834335, 0.022942128949999998,
          0.014458947575, 0.0085788098, 0.004790480525, 0.002517155575, 0.001243835]
        - [0.0047884841000000004, 0.02051919405, 0.04077051995, 0.0621063541, 0.0816543274,
          0.0969165672, 0.10605901525, 0.10820324075000001, 0.10355105654999999, 0.09328638580000001,
          0.079265896, 0.06359451590000001, 0.048198457400000005, 0.034513367899999994,
          0.023348184, 0.014920669349999999, 0.009005081299999999, 0.005132393250000001,
          0.00276248915, 0.0014038007]
        - [0.00513208155, 0.021418784325, 0.041869312175, 0.0630388744, 0.0821306297,
          0.09678538205000001, 0.105335913275, 0.10705404997500001, 0.102233504175,
          0.0920711963, 0.0783618333, 0.06310387895, 0.0481122894, 0.034738392449999995,
          0.02375423905, 0.015382391124999999, 0.009431352799999999, 0.0054743059750000005,
          0.0030078227250000004, 0.0015637664]
        - [0.005475679, 0.0223183746, 0.0429681044, 0.0639713947, 0.082606932, 0.0966541969,
          0.1046128113, 0.1059048592, 0.1009159518, 0.0908560068, 0.0774577706, 0.062613242,
          0.0480261214, 0.034963417, 0.0241602941, 0.0158441129, 0.0098576243, 0.0058162187,
          0.0032531563, 0.0017237321]
        - [0.0057863348, 0.023111649225, 0.043976594325, 0.064933116075, 0.083307727,
          0.096960598175, 0.104490900425, 0.10541409560000001, 0.10018196395000001,
          0.090030845, 0.0766813823, 0.061983678525, 0.047588247, 0.034714376549999995,
          0.024063989225, 0.015850690525, 0.009918969199999999, 0.005895449925000001,
          0.0033271240000000003, 0.001782268225]
        - [0.006096990599999999, 0.02390492385, 0.04498508425, 0.06589483745, 0.084008522,
          0.09726699945, 0.10436898955, 0.10492333200000001, 0.0994479761, 0.0892056832,
          0.075904994, 0.061354115050000005, 0.047150372600000004, 0.034465336099999994,
          0.02396768435, 0.01585726815, 0.009980314099999998, 0.00597468115, 0.0034010917,
          0.00184080435]
        - [0.0064076464, 0.024698198475, 0.045993574174999996, 0.066856558825, 0.08470931699999999,
          0.09757340072500001, 0.104247078675, 0.1044325684, 0.09871398825, 0.0883805214,
          0.0751286057, 0.060724551575, 0.0467124982, 0.03421629565, 0.023871379475000003,
          0.015863845775, 0.010041659, 0.006053912375, 0.0034750594, 0.001899340475]
        - [0.0067183022, 0.0254914731, 0.0470020641, 0.0678182802, 0.085410112, 0.097879802,
          0.1041251678, 0.1039418048, 0.0979800004, 0.0875553596, 0.0743522174, 0.0600949881,
          0.0462746238, 0.0339672552, 0.0237750746, 0.0158704234, 0.0101030039, 0.0061331436,
          0.0035490271, 0.0019578766]
        - [0.006872149, 0.025887663249999998, 0.047524881549999995, 0.068351488175,
          0.0858517377, 0.098157671375, 0.1042064293, 0.1038329344, 0.09772029360000001,
          0.087202907075, 0.073967875075, 0.059730854275, 0.045965019725, 0.033728221725,
          0.023606623900000002, 0.0157622981, 0.010040436675, 0.0061011147250000005,
          0.0035355204500000003, 0.00195387985]
        - [0.0070259958, 0.0262838534, 0.048047699, 0.06888469615000001, 0.08629336339999999,
          0.09843554075, 0.1042876908, 0.103724064, 0.0974605868, 0.08685045455, 0.07358353275,
          0.05936672045, 0.04565541565, 0.033489188249999996, 0.023438173200000002,
          0.0156541728, 0.00997786945, 0.00606908585, 0.0035220138000000003, 0.0019498831]
        - [0.0071798426, 0.02668004355, 0.048570516450000004, 0.069417904125, 0.08673498909999999,
          0.098713410125, 0.1043689523, 0.1036151936, 0.09720087999999999, 0.08649800202499999,
          0.073199190425, 0.059002586625, 0.045345811575, 0.033250154775, 0.0232697225,
          0.0155460475, 0.009915302224999999, 0.006037056975, 0.00350850715, 0.00194588635]
        - [0.0073336894, 0.0270762337, 0.0490933339, 0.0699511121, 0.0871766148, 0.0989912795,
          0.1044502138, 0.1035063232, 0.0969411732, 0.0861455495, 0.0728148481, 0.0586384528,
          0.0450362075, 0.0330111213, 0.0231012718, 0.0154379222, 0.009852735, 0.0060050281,
          0.0034950005, 0.0019418896]
        - [0.007258906225, 0.0269177251, 0.0489328719, 0.0698491177, 0.08716734712499999,
          0.09908129515, 0.104619573575, 0.1037183105, 0.0971527676, 0.086319164475,
          0.07292682959999999, 0.058681083099999996, 0.045017469575, 0.032947709,
          0.02301385675, 0.01534516525, 0.009767796425, 0.00593507595, 0.00344246625,
          0.00190546875]
        - [0.0071841230499999995, 0.026759216500000002, 0.0487724099, 0.0697471233,
          0.08715807945, 0.0991713108, 0.10478893335, 0.1039302978, 0.097364362, 0.08649277945,
          0.07303881109999999, 0.0587237134, 0.04499873165, 0.032884296699999996,
          0.0229264417, 0.015252408299999999, 0.00968285785, 0.0058651238, 0.003389932,
          0.0018690478999999999]
        - [0.007109339875, 0.0266007079, 0.0486119479, 0.0696451289, 0.087148811775,
          0.09926132645, 0.10495829312499999, 0.10414228510000001, 0.0975759564, 0.086666394425,
          0.0731507926, 0.0587663437, 0.044979993725, 0.0328208844, 0.02283902665,
          0.01515965135, 0.009597919275, 0.00579517165, 0.0033373977500000002, 0.0018326270499999999]
        - [0.0070345567, 0.0264421993, 0.0484514859, 0.0695431345, 0.0871395441, 0.0993513421,
          0.1051276529, 0.1043542724, 0.0977875508, 0.0868400094, 0.0732627741, 0.058808974,
          0.0449612558, 0.0327574721, 0.0227516116, 0.0150668944, 0.0095129807, 0.0057252195,
          0.0032848635, 0.0017962062]
        - [0.0069422803249999995, 0.0262103581, 0.04815591655, 0.06925622675000001,
          0.08692145985, 0.0992394858, 0.105134153175, 0.10446571592500001, 0.097972981425,
          0.08706043352500001, 0.073480921725, 0.05899756295, 0.045104999650000005,
          0.032854339824999995, 0.022807326225, 0.015091684624999999, 0.009518330549999999,
          0.005720866125, 0.0032767945999999997, 0.0017881623]
        - [0.00685000395, 0.025978516899999998, 0.0478603472, 0.068969319, 0.0867033756,
          0.09912762950000001, 0.10514065345, 0.10457715945, 0.09815841205, 0.08728085765,
          0.07369906935000001, 0.0591861519, 0.0452487435, 0.03295120755, 0.022863040850000002,
          0.015116474849999999, 0.0095236804, 0.00571651275, 0.0032687257, 0.0017801184]
        - [0.006757727575000001, 0.0257466757, 0.047564777849999997, 0.06868241124999999,
          0.08648529135000001, 0.0990157732, 0.105147153725, 0.10468860297499999,
          0.098343842675, 0.087501281775, 0.073917216975, 0.05937474085, 0.045392487349999996,
          0.033048075275000005, 0.022918755475, 0.015141265075, 0.00952903025, 0.005712159375,
          0.0032606568, 0.0017720745]
        - [0.0066654512, 0.0255148345, 0.0472692085, 0.0683955035, 0.0862672071, 0.0989039169,
          0.105153654, 0.1048000465, 0.0985292733, 0.0877217059, 0.0741353646, 0.0595633298,
          0.0455362312, 0.033144943, 0.0229744701, 0.0151660553, 0.0095343801, 0.005707806,
          0.0032525879, 0.0017640306]
        - [0.006706835125, 0.0256699283, 0.047545336975, 0.06876741992499999, 0.08668554760000001,
          0.099307176625, 0.1054794004, 0.105000131825, 0.09857929055, 0.08762369842500001,
          0.073915798925, 0.0592635795, 0.045202829449999996, 0.0328185946, 0.022685327025,
          0.014930490275, 0.009356009125, 0.005581506050000001, 0.0031690075499999997,
          0.001712091775]
        - [0.00674821905, 0.025825022099999997, 0.04782146545, 0.06913933635, 0.0871038881,
          0.09971043635, 0.1058051468, 0.10520021715, 0.0986293078, 0.08752569095,
          0.07369623324999999, 0.0589638292, 0.0448694277, 0.032492246200000005, 0.022396183950000002,
          0.014694925250000001, 0.00917763815, 0.0054552061, 0.0030854272, 0.00166015295]
        - [0.006789602975, 0.0259801159, 0.048097593925, 0.069511252775, 0.0875222286,
          0.10011369607500001, 0.10613089319999999, 0.105400302475, 0.09867932504999999,
          0.08742768347499999, 0.073476667575, 0.0586640789, 0.04453602595, 0.0321658978,
          0.022107040875, 0.014459360225, 0.008999267174999999, 0.00532890615, 0.00300184685,
          0.001608214125]
        - [0.0068309869, 0.0261352097, 0.0483737224, 0.0698831692, 0.0879405691, 0.1005169558,
          0.1064566396, 0.1056003878, 0.0987293423, 0.087329676, 0.0732571019, 0.0583643286,
          0.0442026242, 0.0318395494, 0.0218178978, 0.0142237952, 0.0088208962, 0.0052026062,
          0.0029182665, 0.0015562753]
        - [0.007265019025, 0.0273504022, 0.0501137606, 0.0718225293, 0.0897399836,
          0.1018846596, 0.10720108924999999, 0.105656940725, 0.098157159925, 0.086282372375,
          0.07193465572499999, 0.056966784375, 0.0428915811, 0.0307199401, 0.020935538075,
          0.013576941675, 0.00837779705, 0.004918035750000001, 0.0027462931499999997,
          0.001458516425]
        - [0.00769905115, 0.0285655947, 0.0518537988, 0.0737618894, 0.0915393981,
          0.10325236339999999, 0.1079455389, 0.10571349364999999, 0.09758497755000001,
          0.08523506875, 0.07061220955, 0.055569240150000004, 0.041580538, 0.029600330799999998,
          0.02005317835, 0.012930088150000001, 0.007934697899999999, 0.0046334653,
          0.0025743197999999997, 0.0013607575500000002]
        - [0.008133083275, 0.0297807872, 0.053593837, 0.0757012495, 0.0933388126,
          0.1046200672, 0.10868998855, 0.105770046575, 0.097012795175, 0.084187765125,
          0.06928976337500001, 0.054171695925, 0.0402694949, 0.0284807215, 0.019170818625,
          0.012283234625, 0.00749159875, 0.004348894850000001, 0.00240234645, 0.001262998675]
        - [0.0085671154, 0.0309959797, 0.0553338752, 0.0776406096, 0.0951382271, 0.105987771,
          0.1094344382, 0.1058265995, 0.0964406128, 0.0831404615, 0.0679673172, 0.0527741517,
          0.0389584518, 0.0273611122, 0.0182884589, 0.0116363811, 0.0070484996, 0.0040643244,
          0.0022303731, 0.0011652398]
        - [0.00940870055, 0.033235638625, 0.05843431765, 0.08097701307499999, 0.09809788895,
          0.10808179597499999, 0.1103831429, 0.10558988459999999, 0.09518932625000001,
          0.081184532725, 0.06566693597500001, 0.050457248025, 0.036868227175000004,
          0.0256353511, 0.01696935405, 0.010696351100000001, 0.0064207384, 0.00367032985,
          0.0019977056, 0.001035517275]
        - [0.0102502857, 0.03547529755, 0.0615347601, 0.08431341654999999, 0.1010575508,
          0.11017582095, 0.1113318476, 0.1053531697, 0.0939380397, 0.07922860395,
          0.06336655475, 0.04814034435, 0.03477800255, 0.02390959, 0.0156502492, 0.0097563211,
          0.0057929772000000004, 0.0032763353, 0.0017650381, 0.00090579475]
        - [0.011091870850000001, 0.037714956475, 0.06463520254999999, 0.087649820025,
          0.10401721265, 0.112269845925, 0.1122805523, 0.10511645480000001, 0.09268675315000001,
          0.077272675175, 0.061066173525, 0.045823440675, 0.032687777925, 0.0221838289,
          0.014331144349999998, 0.0088162911, 0.005165216, 0.00288234075, 0.0015323706,
          0.000776072225]
        - [0.011933456, 0.0399546154, 0.067735645, 0.0909862235, 0.1069768745, 0.1143638709,
          0.113229257, 0.1048797399, 0.0914354666, 0.0753167464, 0.0587657923, 0.043506537,
          0.0305975533, 0.0204580678, 0.0130120395, 0.0078762611, 0.0045374548, 0.0024883462,
          0.0012997031, 0.0006463497]
        - [0.01286013575, 0.042393234275, 0.0710773497, 0.09451175085, 0.10999019665,
          0.116339608225, 0.113908076925, 0.10428750735, 0.08982916422500001, 0.07308167839999999,
          0.056305327125, 0.041154883325, 0.028574307075, 0.01886226515, 0.011845953275,
          0.0070814342, 0.0040302184000000005, 0.002184324225, 0.0011278084, 0.0005547764999999999]
        - [0.0137868155, 0.04483185315, 0.07441905439999999, 0.0980372782, 0.11300351880000001,
          0.11831534555, 0.11458689685000001, 0.1036952748, 0.08822286185, 0.0708466104,
          0.05384486195, 0.03880322965, 0.026551060850000002, 0.0172664625, 0.01067986705,
          0.0062866073, 0.003522982, 0.0018803022499999998, 0.0009559137, 0.0004632033]
        - [0.01471349525, 0.047270472025, 0.0777607591, 0.10156280555, 0.11601684095,
          0.120291082875, 0.115265716775, 0.10310304225, 0.086616559475, 0.0686115424,
          0.051384396775, 0.036451575975, 0.024527814625, 0.01567065985, 0.009513780825,
          0.0054917804, 0.0030157456, 0.001576280275, 0.000784019, 0.00037163010000000005]
        maximum: 25.0
        minimum: 0.0
        units: m/s
      turbulence_intenstiy: {default: 0.075, description: turbulence intensity}
description: Wind resource conditions, modified from IEA37 WFLO case study 3 to have
  80 wind direction bins.
title: IEA Wind Task 37 Wind Plant Ontology version 0.1
