definitions:
  wind_inflow:
    description: inflow for current wind conditions
    properties:
      direction:
        bins: [0.0, 6.0, 12.0, 18.0, 24.0, 30.0, 36.0, 42.0, 48.0, 54.0, 60.0, 66.0,
          72.0, 78.0, 84.0, 90.0, 96.0, 102.0, 108.0, 114.0, 120.0, 126.0, 132.0,
          138.0, 144.0, 150.0, 156.0, 162.0, 168.0, 174.0, 180.0, 186.0, 192.0, 198.0,
          204.0, 210.0, 216.0, 222.0, 228.0, 234.0, 240.0, 246.0, 252.0, 258.0, 264.0,
          270.0, 276.0, 282.0, 288.0, 294.0, 300.0, 306.0, 312.0, 318.0, 324.0, 330.0,
          336.0, 342.0, 348.0, 354.0]
        description: The wind direction frequencies. Binned in degrees, with North
          as the 0.
        frequency: [0.0104010401040104, 0.009823204542676489, 0.009245368981342577,
          0.008667533420008667, 0.008611972308341945, 0.008556411196675221, 0.0085008500850085,
          0.008478625640341811, 0.008456401195675122, 0.008434176751008434, 0.00892311453367559,
          0.009412052316342744, 0.009900990099009901, 0.011012212332344343, 0.01212343456567879,
          0.013234656799013233, 0.01444588903334778, 0.01565712126768232, 0.016868353502016868,
          0.016912802391350245, 0.016957251280683622, 0.017001700170017, 0.015946039048349278,
          0.014890377926681556, 0.013834716805013834, 0.013823604582680489, 0.013812492360347145,
          0.0138013801380138, 0.015001500150015, 0.016201620162016202, 0.0174017401740174,
          0.018646309075351978, 0.019890877976686556, 0.021135446878021134, 0.021935526886021933,
          0.022735606894022733, 0.023535686902023532, 0.02372459468169039, 0.023913502461357244,
          0.0241024102410241, 0.023813492460357147, 0.02352457467969019, 0.023235656899023235,
          0.022913402451356243, 0.022591148003689256, 0.022268893556022268, 0.02235779133468902,
          0.022446689113355775, 0.022535586892022532, 0.022546699114355875, 0.022557811336689222,
          0.022568923559022566, 0.02185774132968852, 0.021146559100354477, 0.020435376871020434,
          0.018779655743352112, 0.01712393461568379, 0.015468213488015466, 0.013779155693347112,
          0.012090097898678757]
        maximum: 360.0
        minimum: 0.0
        units: deg
      speed:
        bins: [0.9, 1.98, 3.18, 4.4, 5.64, 6.87, 8.11, 9.35, 10.59, 11.83, 13.07,
          14.31, 15.56, 16.8, 18.04, 19.28, 20.52, 21.77, 23.01, 24.25]
        desctiption: wind speed frequency samples for each binned direction and wind
          speed
        frequency:
        - [0.015640175, 0.0497090909, 0.0811024638, 0.1050883329, 0.1190301631, 0.1222668202,
          0.1159445367, 0.1025108097, 0.0850102571, 0.0663764744, 0.0489239316, 0.0340999223,
          0.0225045684, 0.0140748572, 0.0083476946, 0.0046969535, 0.0025085092, 0.0012722583,
          0.0006121243, 0.0002800569]
        - [0.016253015133333333, 0.051420833900000004, 0.0835281668, 0.10768320483333334,
          0.12123850493333334, 0.12366463566666668, 0.11633247763333333, 0.10193113143333334,
          0.0836924589, 0.0646436277, 0.047095025533333335, 0.03242122126666667, 0.0211196389,
          0.013030258566666668, 0.0076203291, 0.0042260752, 0.0022240596666666668,
          0.0011111977, 0.0005267610333333333, 0.00023737616666666669]
        - [0.016865855266666667, 0.0531325769, 0.0859538698, 0.11027807676666666,
          0.12344684676666666, 0.12506245113333334, 0.11672041856666666, 0.10135145316666666,
          0.08237466069999999, 0.062910781, 0.045266119466666664, 0.030742520233333334,
          0.0197347094, 0.011985659933333333, 0.0068929636, 0.0037551968999999996,
          0.0019396101333333331, 0.0009501371, 0.0004413977666666666, 0.00019469543333333335]
        - [0.0174786954, 0.0548443199, 0.0883795728, 0.1128729487, 0.1256551886, 0.1264602666,
          0.1171083595, 0.1007717749, 0.0810568625, 0.0611779343, 0.0434372134, 0.0290638192,
          0.0183497799, 0.0109410613, 0.0061655981, 0.0032843186, 0.0016551606, 0.0007890765,
          0.0003560345, 0.0001520147]
        - [0.017097965733333335, 0.054616439600000004, 0.08887964396666667, 0.11415117176666667,
          0.12740547843333333, 0.12820287183333334, 0.11839382296666666, 0.1013325753,
          0.0808627399, 0.06039489743333333, 0.042329556766666665, 0.027893476833333333,
          0.017306677200000002, 0.010121461866666667, 0.0055851111, 0.0029099014,
          0.0014327839333333333, 0.0006670553666666667, 0.0002936914, 0.00012267713333333332]
        - [0.016717236066666665, 0.0543885593, 0.08937971513333333, 0.11542939483333334,
          0.12915576826666667, 0.12994547706666668, 0.11967928643333334, 0.1018933757,
          0.0806686173, 0.05961186056666667, 0.041221900133333336, 0.026723134466666666,
          0.0162635745, 0.009301862433333334, 0.0050046241000000005, 0.0025354842,
          0.0012104072666666665, 0.0005450342333333334, 0.0002313483, 9.333956666666667e-05]
        - [0.0163365064, 0.054160679, 0.0898797863, 0.1167076179, 0.1309060581, 0.1316880823,
          0.1209647499, 0.1024541761, 0.0804744947, 0.0588288237, 0.0401142435, 0.0255527921,
          0.0152204718, 0.008482263, 0.0044241371, 0.002161067, 0.0009880306, 0.0004230131,
          0.00016900520000000003, 6.4002e-05]
        - [0.015276377066666666, 0.05221026426666667, 0.08831844646666667, 0.11626109136666667,
          0.13171543873333333, 0.133398132, 0.12296321413333333, 0.1041557734, 0.08152624736666667,
          0.05917039536666666, 0.0399072808, 0.025050266866666667, 0.0146506884, 0.007990196366666667,
          0.004066768133333333, 0.0019337157666666667, 0.0008590221999999999, 0.0003570094,
          0.00013867036666666667, 5.10014e-05]
        - [0.014216247733333333, 0.05025984953333334, 0.08675710663333333, 0.11581456483333334,
          0.13252481936666669, 0.1351081817, 0.12496167836666666, 0.10585737070000001,
          0.08257800003333333, 0.059511967033333335, 0.0397003181, 0.02454774163333333,
          0.014080905, 0.007498129733333333, 0.0037093991666666665, 0.0017063645333333334,
          0.0007300137999999999, 0.0002910057, 0.00010833553333333332, 3.8000800000000004e-05]
        - [0.0131561184, 0.0483094348, 0.0851957668, 0.1153680383, 0.1333342, 0.1368182314,
          0.1269601426, 0.107558968, 0.0836297527, 0.0598535387, 0.0394933554, 0.0240452164,
          0.0135111216, 0.0070060631, 0.0033520302, 0.0014790133, 0.0006010054, 0.00022500199999999997,
          7.80007e-05, 2.5000199999999998e-05]
        - [0.011985797033333334, 0.045061495533333336, 0.08081356213333334, 0.11105490516666666,
          0.13019879426666667, 0.13555353039999998, 0.12767778366666666, 0.10984358886666667,
          0.086764998, 0.063103397, 0.0423178261, 0.026183640066666666, 0.014947842766666667,
          0.007871093266666667, 0.0038210454999999996, 0.0017090204333333333, 0.0007030084333333333,
          0.0002660032, 9.300113333333333e-05, 2.9667000000000002e-05]
        - [0.010815475666666666, 0.04181355626666667, 0.07643135746666667, 0.10674177203333333,
          0.12706338853333335, 0.1342888294, 0.12839542473333335, 0.11212820973333333,
          0.0899002433, 0.0663532553, 0.0451422968, 0.028322063733333333, 0.016384563933333332,
          0.008736123433333333, 0.0042900607999999995, 0.0019390275666666666, 0.0008050114666666667,
          0.0003070044, 0.00010800156666666667, 3.43338e-05]
        - [0.0096451543, 0.038565617, 0.0720491528, 0.1024286389, 0.1239279828, 0.1330241284,
          0.1291130658, 0.1144128306, 0.0930354886, 0.0696031136, 0.0479667675, 0.0304604874,
          0.0178212851, 0.0096011536, 0.0047590761, 0.0021690347, 0.0009070145, 0.0003480056,
          0.000123002, 3.90006e-05]
        - [0.008402191600000001, 0.034593144400000005, 0.0660179112, 0.09566132449999999,
          0.1179825799, 0.12924191076666666, 0.12822660733333335, 0.11637269146666666,
          0.09711657156666666, 0.07472601696666667, 0.05307746113333333, 0.034812311,
          0.021077270566666667, 0.011771677433333332, 0.0060581805666666665, 0.0028700872000000004,
          0.0012490386666666666, 0.0004990157333333333, 0.00018300586666666668, 6.100196666666667e-05]
        - [0.0071592289, 0.0306206718, 0.0599866696, 0.0888940101, 0.112037177, 0.12545969313333333,
          0.12734014886666667, 0.11833255233333334, 0.10119765453333333, 0.07984892033333334,
          0.058188154766666667, 0.039164134600000004, 0.024333256033333334, 0.013942201266666666,
          0.007357285033333333, 0.0035711397000000003, 0.0015910628333333332, 0.0006500258666666666,
          0.00024300973333333335, 8.300333333333333e-05]
        - [0.0059162662, 0.0266481992, 0.053955428, 0.0821266957, 0.1060917741, 0.1216774755,
          0.1264536904, 0.1202924132, 0.1052787375, 0.0849718237, 0.0632988484, 0.0435159582,
          0.0275892415, 0.0161127251, 0.0086563895, 0.0042721922, 0.001933087, 0.000801036,
          0.0003030136, 0.0001050047]
        - [0.0050745922, 0.023667557766666666, 0.049116231833333336, 0.07632968413333334,
          0.1005586639, 0.11761894503333334, 0.1247207037, 0.12113355636666667, 0.1083049029,
          0.08934123640000001, 0.06803109216666667, 0.04779699143333334, 0.030947731633333333,
          0.018436370733333332, 0.010085236966666666, 0.0050556204, 0.0023167987,
          0.0009683886, 0.00036835436666666664, 0.0001273406]
        - [0.0042329182, 0.020686916333333333, 0.044277035666666666, 0.07053267256666666,
          0.0950255537, 0.11356041456666667, 0.12298771700000001, 0.12197469953333333,
          0.1113310683, 0.0937106491, 0.07276333593333333, 0.05207802466666667, 0.034306221766666666,
          0.02076001636666667, 0.011514084433333334, 0.0058390486000000005, 0.0027005104,
          0.0011357412, 0.0004336951333333333, 0.00014967650000000002]
        - [0.0033912442, 0.0177062749, 0.0394378395, 0.064735661, 0.0894924435, 0.1095018841,
          0.1212547303, 0.1228158427, 0.1143572337, 0.0980800618, 0.0774955797, 0.0563590579,
          0.0376647119, 0.023083662, 0.0129429319, 0.0066224768, 0.0030842221, 0.0013030938,
          0.0004990359, 0.0001720124]
        - [0.003027885466666667, 0.016269175866666666, 0.03694800423333333, 0.0615917864,
          0.08632557546666667, 0.1070080719, 0.11999301196666667, 0.12303423293333333,
          0.115921386, 0.100539274, 0.08025880723333333, 0.05889759533333334, 0.0396535363,
          0.024433101533333335, 0.013739661033333333, 0.0070305088, 0.0032635695333333337,
          0.0013697657666666668, 0.0005187041666666666, 0.0001763461]
        - [0.0026645267333333333, 0.014832076833333332, 0.03445816896666667, 0.0584479118,
          0.08315870743333334, 0.1045142597, 0.11873129363333333, 0.12325262316666666,
          0.1174855383, 0.1029984862, 0.08302203476666667, 0.061436132766666665, 0.0416423607,
          0.025782541066666668, 0.014536390166666666, 0.0074385408, 0.0034429169666666667,
          0.0014364377333333333, 0.0005383724333333334, 0.0001806798]
        - [0.002301168, 0.0133949778, 0.0319683337, 0.0553040372, 0.0799918394, 0.1020204475,
          0.1174695753, 0.1234710134, 0.1190496906, 0.1054576984, 0.0857852623, 0.0639746702,
          0.0436311851, 0.0271319806, 0.0153331193, 0.0078465728, 0.0036222644, 0.0015031097,
          0.0005580407, 0.0001850135]
        - [0.0022715036, 0.013258993866666666, 0.0317000431, 0.054918784033333334,
          0.0795422972, 0.10158695063333334, 0.1171404509, 0.12331791489999999, 0.1191029329,
          0.10569726156666666, 0.08614879593333333, 0.06438049686666666, 0.04400563526666666,
          0.027429058333333332, 0.015539166233333334, 0.0079722651, 0.0036902770333333335,
          0.0015354486, 0.0005717095666666667, 0.00019001426666666665]
        - [0.0022418392000000003, 0.013123009933333334, 0.0314317525, 0.054533530866666666,
          0.079092755, 0.10115345376666666, 0.1168113265, 0.1231648164, 0.11915617519999999,
          0.10593682473333334, 0.08651232956666667, 0.06478632353333334, 0.044380085433333334,
          0.027726136066666667, 0.015745213166666668, 0.0080979574, 0.0037582896666666665,
          0.0015677875000000001, 0.0005853784333333333, 0.00019501503333333334]
        - [0.0022121748, 0.012987026, 0.0311634619, 0.0541482777, 0.0786432128, 0.1007199569,
          0.1164822021, 0.1230117179, 0.1192094175, 0.1061763879, 0.0868758632, 0.0651921502,
          0.0447545356, 0.0280232138, 0.0159512601, 0.0082236497, 0.0038263023, 0.0016001264,
          0.0005990473, 0.0002000158]
        - [0.0023299037666666667, 0.013397685633333333, 0.031753855866666666, 0.054704141799999995,
          0.07893654613333334, 0.10059102026666666, 0.1159035278, 0.122107466, 0.11821607443333333,
          0.10535213266666667, 0.0864042588, 0.06512282106666667, 0.045007829566666664,
          0.028447852833333332, 0.016396652566666666, 0.008590538033333333, 0.0040787503,
          0.0017491805, 0.0006754038, 0.0002343581]
        - [0.0024476327333333337, 0.013808345266666668, 0.03234424983333334, 0.0552600059,
          0.07922987946666667, 0.10046208363333334, 0.1153248535, 0.1212032141, 0.11722273136666667,
          0.10452787743333333, 0.0859326544, 0.06505349193333333, 0.045261123533333336,
          0.028872491866666666, 0.016842045033333333, 0.008957426366666667, 0.0043311983,
          0.0018982346000000002, 0.0007517603000000001, 0.0002687004]
        - [0.0025653617, 0.0142190049, 0.0329346438, 0.05581587, 0.0795232128, 0.100333147,
          0.1147461792, 0.1202989622, 0.1162293883, 0.1037036222, 0.08546105, 0.0649841628,
          0.0455144175, 0.0292971309, 0.0172874375, 0.0093243147, 0.0045836463, 0.0020472887,
          0.0008281168, 0.0003030427]
        - [0.0027555756333333334, 0.014807708333333334, 0.03369051743333334, 0.05640738963333333,
          0.07964999823333334, 0.099827305, 0.11364133883333334, 0.1188293364, 0.11475318426666667,
          0.10257544883333333, 0.08490997283333333, 0.06504839406666667, 0.0460586407,
          0.030092133366666666, 0.018106731166666667, 0.0100140918, 0.0050804121,
          0.0023601776333333335, 0.0010025553666666667, 0.0003890883333333333]
        - [0.0029457895666666666, 0.015396411766666666, 0.034446391066666665, 0.05699890926666666,
          0.07977678366666667, 0.099321463, 0.11253649846666666, 0.1173597106, 0.11327698023333332,
          0.10144727546666667, 0.08435889566666667, 0.06511262533333333, 0.0466028639,
          0.030887135833333336, 0.018926024833333333, 0.0107038689, 0.0055771779,
          0.0026730665666666667, 0.0011769939333333332, 0.0004751339666666666]
        - [0.0031360035, 0.0159851152, 0.0352022647, 0.0575904289, 0.0799035691, 0.098815621,
          0.1114316581, 0.1158900848, 0.1118007762, 0.1003191021, 0.0838078185, 0.0651768566,
          0.0471470871, 0.0316821383, 0.0197453185, 0.011393646, 0.0060739437, 0.0029859555,
          0.0013514325, 0.0005611796]
        - [0.0034577654, 0.016896747966666667, 0.03632582163333333, 0.0584740571,
          0.08016962033333333, 0.09827005983333334, 0.11012284513333333, 0.11409393063333334,
          0.10992923789999999, 0.09878498966666667, 0.08289655280000001, 0.064976501,
          0.0475549892, 0.03247586513333334, 0.0206755703, 0.012261505933333333, 0.006766808566666667,
          0.0034734929333333333, 0.0016582290000000002, 0.0007354095]
        - [0.0037795273, 0.017808380733333334, 0.03744937856666667, 0.0593576853,
          0.08043567156666667, 0.09772449866666667, 0.10881403216666667, 0.11229777646666667,
          0.1080576996, 0.09725087723333334, 0.0819852871, 0.0647761454, 0.0479628913,
          0.033269591966666665, 0.021605822099999998, 0.013129365866666668, 0.007459673433333333,
          0.003961030366666667, 0.0019650255, 0.0009096394]
        - [0.0041012892, 0.0187200135, 0.0385729355, 0.0602413135, 0.0807017228, 0.0971789375,
          0.1075052192, 0.1105016223, 0.1061861613, 0.0957167648, 0.0810740214, 0.0645757898,
          0.0483707934, 0.0340633188, 0.0225360739, 0.0139972258, 0.0081525383, 0.0044485678,
          0.002271822, 0.0010838693]
        - [0.004559419133333333, 0.0199194672, 0.0400379918, 0.0614846739, 0.08133679253333333,
          0.09700402396666667, 0.10654108323333333, 0.10896936793333334, 0.1044294248,
          0.09409651213333334, 0.07986860446666667, 0.06392160720000001, 0.048255902733333335,
          0.03436335153333333, 0.02307748063333333, 0.014612854833333333, 0.008720900299999999,
          0.004904451433333333, 0.0025989334333333335, 0.0012971569]
        - [0.005017549066666667, 0.0211189209, 0.0415030481, 0.0627280343, 0.08197186226666667,
          0.09682911043333334, 0.10557694726666667, 0.10743711356666667, 0.1026726883,
          0.09247625946666667, 0.07866318753333333, 0.0632674246, 0.04814101206666667,
          0.034663384266666666, 0.023618887366666667, 0.015228483866666667, 0.0092892623,
          0.005360335066666667, 0.002926044866666667, 0.0015104444999999998]
        - [0.005475679, 0.0223183746, 0.0429681044, 0.0639713947, 0.082606932, 0.0966541969,
          0.1046128113, 0.1059048592, 0.1009159518, 0.0908560068, 0.0774577706, 0.062613242,
          0.0480261214, 0.034963417, 0.0241602941, 0.0158441129, 0.0098576243, 0.0058162187,
          0.0032531563, 0.0017237321]
        - [0.005889886733333333, 0.023376074099999998, 0.04431275763333333, 0.06525368986666667,
          0.08354132533333333, 0.09706273193333334, 0.10445026346666667, 0.10525050773333333,
          0.09993730133333334, 0.08975579106666666, 0.0764225862, 0.061773824033333334,
          0.04744228886666667, 0.034631363066666664, 0.0240318876, 0.015852883066666667,
          0.009939417499999999, 0.005921860333333333, 0.0033517799000000003, 0.0018017802666666666]
        - [0.006304094466666667, 0.0244337736, 0.045657410866666664, 0.06653598503333333,
          0.08447571866666666, 0.09747126696666666, 0.10428771563333333, 0.10459615626666667,
          0.09895865086666666, 0.08865557533333333, 0.0753874018, 0.06093440606666667,
          0.04685845633333333, 0.03429930913333333, 0.023903481100000002, 0.01586165323333333,
          0.0100212107, 0.006027501966666667, 0.0034504035, 0.0018798284333333335]
        - [0.0067183022, 0.0254914731, 0.0470020641, 0.0678182802, 0.085410112, 0.097879802,
          0.1041251678, 0.1039418048, 0.0979800004, 0.0875553596, 0.0743522174, 0.0600949881,
          0.0462746238, 0.0339672552, 0.0237750746, 0.0158704234, 0.0101030039, 0.0061331436,
          0.0035490271, 0.0019578766]
        - [0.006923431266666667, 0.026019726633333334, 0.04769915403333333, 0.06852922416666667,
          0.08599894626666667, 0.0982502945, 0.10423351646666666, 0.10379664426666667,
          0.09763372466666667, 0.0870854229, 0.07383976096666667, 0.059609476333333335,
          0.04586181836666667, 0.0336485439, 0.02355047366666667, 0.015726256333333334,
          0.010019580933333333, 0.006090438433333334, 0.0035310182333333335, 0.0019525476]
        - [0.007128560333333333, 0.026547980166666665, 0.04839624396666667, 0.06924016813333334,
          0.08658778053333333, 0.098620787, 0.10434186513333334, 0.10365148373333333,
          0.09728744893333333, 0.0866154862, 0.07332730453333333, 0.059123964566666666,
          0.04544901293333333, 0.0333298326, 0.023325872733333333, 0.015582089266666667,
          0.009936157966666666, 0.006047733266666667, 0.0035130093666666667, 0.0019472186000000001]
        - [0.0073336894, 0.0270762337, 0.0490933339, 0.0699511121, 0.0871766148, 0.0989912795,
          0.1044502138, 0.1035063232, 0.0969411732, 0.0861455495, 0.0728148481, 0.0586384528,
          0.0450362075, 0.0330111213, 0.0231012718, 0.0154379222, 0.009852735, 0.0060050281,
          0.0034950005, 0.0019418896]
        - [0.0072339785, 0.0268648889, 0.04887938456666667, 0.06981511956666667, 0.0871642579,
          0.09911130036666667, 0.10467602683333332, 0.10378897293333333, 0.09722329906666666,
          0.08637703613333333, 0.07296415676666666, 0.0586952932, 0.045011223600000004,
          0.03292657156666667, 0.0229847184, 0.015314246266666666, 0.009739483566666667,
          0.005911758566666667, 0.0034249548333333333, 0.0018933284666666666]
        - [0.0071342676, 0.0266535441, 0.04866543523333333, 0.06967912703333334, 0.08715190099999999,
          0.09923132123333334, 0.10490183986666667, 0.10407162266666667, 0.09750542493333333,
          0.08660852276666667, 0.07311346543333333, 0.0587521336, 0.0449862397, 0.03284202183333333,
          0.022868165, 0.015190570333333334, 0.009626232133333332, 0.005818489033333333,
          0.0033549091666666667, 0.0018447673333333334]
        - [0.0070345567, 0.0264421993, 0.0484514859, 0.0695431345, 0.0871395441, 0.0993513421,
          0.1051276529, 0.1043542724, 0.0977875508, 0.0868400094, 0.0732627741, 0.058808974,
          0.0449612558, 0.0327574721, 0.0227516116, 0.0150668944, 0.0095129807, 0.0057252195,
          0.0032848635, 0.0017962062]
        - [0.0069115215333333336, 0.0261330777, 0.04805739343333333, 0.06916059083333334,
          0.0868487651, 0.09920220036666667, 0.10513631993333333, 0.10450286376666666,
          0.09803479163333333, 0.08713390823333333, 0.0735536376, 0.059060425933333334,
          0.04515291426666667, 0.032886629066666666, 0.022825897766666665, 0.015099948033333333,
          0.009520113833333333, 0.005719415, 0.0032741049666666668, 0.001785481]
        - [0.0067884863666666665, 0.0258239561, 0.04766330096666667, 0.06877804716666666,
          0.0865579861, 0.09905305863333333, 0.10514498696666666, 0.10465145513333333,
          0.09828203246666667, 0.08742780706666667, 0.0738445011, 0.05931187786666667,
          0.04534457273333333, 0.033015786033333334, 0.022900183933333335, 0.015133001666666666,
          0.009527246966666666, 0.0057136105, 0.003263346433333333, 0.0017747557999999999]
        - [0.0066654512, 0.0255148345, 0.0472692085, 0.0683955035, 0.0862672071, 0.0989039169,
          0.105153654, 0.1048000465, 0.0985292733, 0.0877217059, 0.0741353646, 0.0595633298,
          0.0455362312, 0.033144943, 0.0229744701, 0.0151660553, 0.0095343801, 0.005707806,
          0.0032525879, 0.0017640306]
        - [0.0067206297666666664, 0.025721626233333333, 0.0476373798, 0.06889139206666667,
          0.08682499443333334, 0.09944159653333333, 0.10558798253333333, 0.10506682693333333,
          0.09859596296666666, 0.08759102926666666, 0.07384261036666667, 0.05916366273333334,
          0.04509169553333333, 0.0327098118, 0.022588946000000002, 0.0148519686, 0.009296552133333334,
          0.005539406066666667, 0.003141147433333333, 0.0016947788333333334]
        - [0.0067758083333333335, 0.025928417966666666, 0.0480055511, 0.06938728063333333,
          0.08738278176666667, 0.09997927616666667, 0.10602231106666667, 0.10533360736666667,
          0.09866265263333333, 0.08746035263333334, 0.07354985613333333, 0.058763995666666666,
          0.04464715986666667, 0.0322746806, 0.0222034219, 0.0145378819, 0.009058724166666665,
          0.005371006133333333, 0.0030297069666666665, 0.0016255270666666666]
        - [0.0068309869, 0.0261352097, 0.0483737224, 0.0698831692, 0.0879405691, 0.1005169558,
          0.1064566396, 0.1056003878, 0.0987293423, 0.087329676, 0.0732571019, 0.0583643286,
          0.0442026242, 0.0318395494, 0.0218178978, 0.0142237952, 0.0088208962, 0.0052026062,
          0.0029182665, 0.0015562753]
        - [0.0074096964, 0.027755466366666665, 0.05069377333333333, 0.07246898266666667,
          0.09033978843333333, 0.10234056086666667, 0.10744923913333333, 0.1056757917,
          0.09796643246666667, 0.08593327116666666, 0.07149384033333334, 0.0565009363,
          0.04245456673333333, 0.030346737, 0.020641418166666665, 0.013361323833333334,
          0.008230097333333332, 0.004823178933333333, 0.0026889686999999997, 0.0014259301333333335]
        - [0.0079884059, 0.029375723033333332, 0.05301382426666667, 0.07505479613333332,
          0.09273900776666667, 0.10416416593333333, 0.10844183866666667, 0.1057511956,
          0.09720352263333333, 0.08453686633333334, 0.06973057876666666, 0.054637544,
          0.04070650926666667, 0.0288539246, 0.019464938533333333, 0.012498852466666667,
          0.007639298466666666, 0.004443751666666667, 0.0024596709, 0.0012955849666666667]
        - [0.0085671154, 0.0309959797, 0.0553338752, 0.0776406096, 0.0951382271, 0.105987771,
          0.1094344382, 0.1058265995, 0.0964406128, 0.0831404615, 0.0679673172, 0.0527741517,
          0.0389584518, 0.0273611122, 0.0182884589, 0.0116363811, 0.0070484996, 0.0040643244,
          0.0022303731, 0.0011652398]
        - [0.009689228933333334, 0.033982191599999996, 0.059467798466666666, 0.08208914756666666,
          0.0990844429, 0.10877980429999999, 0.1106993778, 0.10551097963333333, 0.09477223073333334,
          0.08053255646666667, 0.06490014223333333, 0.0496849468, 0.03617148563333333,
          0.0250600974, 0.016529652433333333, 0.010383007766666667, 0.006211484666666667,
          0.0035389983333333334, 0.0019201497666666667, 0.0009922764333333335]
        - [0.010811342466666667, 0.0369684035, 0.06360172173333334, 0.08653768553333334,
          0.1030306587, 0.1115718376, 0.1119643174, 0.10519535976666666, 0.09310384866666667,
          0.07792465143333333, 0.06183296726666667, 0.0465957419, 0.033384519466666665,
          0.0227590826, 0.014770845966666665, 0.009129634433333334, 0.005374469733333333,
          0.0030136722666666664, 0.0016099264333333332, 0.0008193130666666667]
        - [0.011933456, 0.0399546154, 0.067735645, 0.0909862235, 0.1069768745, 0.1143638709,
          0.113229257, 0.1048797399, 0.0914354666, 0.0753167464, 0.0587657923, 0.043506537,
          0.0305975533, 0.0204580678, 0.0130120395, 0.0078762611, 0.0045374548, 0.0024883462,
          0.0012997031, 0.0006463497]
        - [0.013169029, 0.04320610723333333, 0.07219125126666666, 0.09568692663333334,
          0.11099463736666666, 0.11699818733333334, 0.11413435023333333, 0.1040900965,
          0.0892937301, 0.07233665573333332, 0.055485172066666665, 0.040370998766666666,
          0.027899891666666666, 0.018330330933333333, 0.011457257866666666, 0.0068164919,
          0.0038611396, 0.0020829835666666668, 0.0010705101666666666, 0.0005242521]
        - [0.014404601999999999, 0.04645759906666667, 0.07664685753333333, 0.10038762976666667,
          0.11501240023333334, 0.11963250376666666, 0.11503944346666667, 0.1033004531,
          0.0871519936, 0.06935656506666667, 0.052204551833333335, 0.037235460533333334,
          0.025202230033333335, 0.016202594066666666, 0.009902476233333332, 0.0057567226999999995,
          0.0031848244000000003, 0.0016776209333333333, 0.0008413172333333333, 0.0004021545]
        maximum: 25.0
        minimum: 0.0
        units: m/s
      turbulence_intenstiy: {default: 0.075, description: turbulence intensity}
description: Wind resource conditions, modified from IEA37 WFLO case study 3 to have
  60 wind direction bins.
title: IEA Wind Task 37 Wind Plant Ontology version 0.1
