definitions:
  wind_inflow:
    description: inflow for current wind conditions
    properties:
      direction:
        bins: [0.0, 1.0, 2.0, 3.0, 4.0, 5.0, 6.0, 7.0, 8.0, 9.0, 10.0, 11.0, 12.0,
          13.0, 14.0, 15.0, 16.0, 17.0, 18.0, 19.0, 20.0, 21.0, 22.0, 23.0, 24.0,
          25.0, 26.0, 27.0, 28.0, 29.0, 30.0, 31.0, 32.0, 33.0, 34.0, 35.0, 36.0,
          37.0, 38.0, 39.0, 40.0, 41.0, 42.0, 43.0, 44.0, 45.0, 46.0, 47.0, 48.0,
          49.0, 50.0, 51.0, 52.0, 53.0, 54.0, 55.0, 56.0, 57.0, 58.0, 59.0, 60.0,
          61.0, 62.0, 63.0, 64.0, 65.0, 66.0, 67.0, 68.0, 69.0, 70.0, 71.0, 72.0,
          73.0, 74.0, 75.0, 76.0, 77.0, 78.0, 79.0, 80.0, 81.0, 82.0, 83.0, 84.0,
          85.0, 86.0, 87.0, 88.0, 89.0, 90.0, 91.0, 92.0, 93.0, 94.0, 95.0, 96.0,
          97.0, 98.0, 99.0, 100.0, 101.0, 102.0, 103.0, 104.0, 105.0, 106.0, 107.0,
          108.0, 109.0, 110.0, 111.0, 112.0, 113.0, 114.0, 115.0, 116.0, 117.0, 118.0,
          119.0, 120.0, 121.0, 122.0, 123.0, 124.0, 125.0, 126.0, 127.0, 128.0, 129.0,
          130.0, 131.0, 132.0, 133.0, 134.0, 135.0, 136.0, 137.0, 138.0, 139.0, 140.0,
          141.0, 142.0, 143.0, 144.0, 145.0, 146.0, 147.0, 148.0, 149.0, 150.0, 151.0,
          152.0, 153.0, 154.0, 155.0, 156.0, 157.0, 158.0, 159.0, 160.0, 161.0, 162.0,
          163.0, 164.0, 165.0, 166.0, 167.0, 168.0, 169.0, 170.0, 171.0, 172.0, 173.0,
          174.0, 175.0, 176.0, 177.0, 178.0, 179.0, 180.0, 181.0, 182.0, 183.0, 184.0,
          185.0, 186.0, 187.0, 188.0, 189.0, 190.0, 191.0, 192.0, 193.0, 194.0, 195.0,
          196.0, 197.0, 198.0, 199.0, 200.0, 201.0, 202.0, 203.0, 204.0, 205.0, 206.0,
          207.0, 208.0, 209.0, 210.0, 211.0, 212.0, 213.0, 214.0, 215.0, 216.0, 217.0,
          218.0, 219.0, 220.0, 221.0, 222.0, 223.0, 224.0, 225.0, 226.0, 227.0, 228.0,
          229.0, 230.0, 231.0, 232.0, 233.0, 234.0, 235.0, 236.0, 237.0, 238.0, 239.0,
          240.0, 241.0, 242.0, 243.0, 244.0, 245.0, 246.0, 247.0, 248.0, 249.0, 250.0,
          251.0, 252.0, 253.0, 254.0, 255.0, 256.0, 257.0, 258.0, 259.0, 260.0, 261.0,
          262.0, 263.0, 264.0, 265.0, 266.0, 267.0, 268.0, 269.0, 270.0, 271.0, 272.0,
          273.0, 274.0, 275.0, 276.0, 277.0, 278.0, 279.0, 280.0, 281.0, 282.0, 283.0,
          284.0, 285.0, 286.0, 287.0, 288.0, 289.0, 290.0, 291.0, 292.0, 293.0, 294.0,
          295.0, 296.0, 297.0, 298.0, 299.0, 300.0, 301.0, 302.0, 303.0, 304.0, 305.0,
          306.0, 307.0, 308.0, 309.0, 310.0, 311.0, 312.0, 313.0, 314.0, 315.0, 316.0,
          317.0, 318.0, 319.0, 320.0, 321.0, 322.0, 323.0, 324.0, 325.0, 326.0, 327.0,
          328.0, 329.0, 330.0, 331.0, 332.0, 333.0, 334.0, 335.0, 336.0, 337.0, 338.0,
          339.0, 340.0, 341.0, 342.0, 343.0, 344.0, 345.0, 346.0, 347.0, 348.0, 349.0,
          350.0, 351.0, 352.0, 353.0, 354.0, 355.0, 356.0, 357.0, 358.0, 359.0]
        description: The wind direction frequencies. Binned in degrees, with North
          as the 0.
        frequency: [0.0017335066840017336, 0.001717455696186903, 0.001701404708372072,
          0.001685353720557241, 0.0016693027327424103, 0.0016532517449275794, 0.0016372007571127485,
          0.0016211497692979176, 0.0016050987814830867, 0.001589047793668256, 0.0015729968058534251,
          0.001556945818038594, 0.0015408948302237633, 0.0015248438424089324, 0.0015087928545941016,
          0.0014927418667792707, 0.0014766908789644398, 0.001460639891149609, 0.0014445889033347782,
          0.0014430455391218136, 0.001441502174908849, 0.0014399588106958844, 0.00143841544648292,
          0.0014368720822699555, 0.001435328718056991, 0.0014337853538440265, 0.001432241989631062,
          0.0014306986254180975, 0.001429155261205133, 0.0014276118969921685, 0.001426068532779204,
          0.0014245251685662396, 0.001422981804353275, 0.0014214384401403106, 0.001419895075927346,
          0.0014183517117143816, 0.001416808347501417, 0.0014161910018162312, 0.0014155736561310454,
          0.0014149563104458595, 0.0014143389647606737, 0.0014137216190754879, 0.0014131042733903022,
          0.0014124869277051164, 0.0014118695820199306, 0.0014112522363347447, 0.001410634890649559,
          0.001410017544964373, 0.0014094001992791874, 0.0014087828535940016, 0.0014081655079088158,
          0.00140754816222363, 0.001406930816538444, 0.0014063134708532583, 0.0014056961251680726,
          0.0014192777302421602, 0.001432859335316248, 0.0014464409403903355, 0.0014600225454644233,
          0.0014736041505385108, 0.0014871857556125986, 0.001500767360686686, 0.0015143489657607736,
          0.0015279305708348614, 0.0015415121759089492, 0.001555093780983037, 0.0015686753860571245,
          0.0015822569911312122, 0.0015958385962052998, 0.0016094202012793875, 0.001623001806353475,
          0.0016365834114275626, 0.0016501650165016504, 0.0016810323007609405, 0.0017118995850202308,
          0.001742766869279521, 0.0017736341535388108, 0.0018045014377981012, 0.001835368722057391,
          0.0018662360063166814, 0.0018971032905759713, 0.0019279705748352616, 0.0019588378590945517,
          0.001989705143353842, 0.002020572427613132, 0.002051439711872422, 0.002082306996131712,
          0.0021131742803910027, 0.0021440415646502924, 0.0021749088489095825, 0.0022057761331688726,
          0.002239421473011499, 0.0022730668128541254, 0.0023067121526967513, 0.0023403574925393777,
          0.0023740028323820037, 0.0024076481722246305, 0.0024412935120672564, 0.002474938851909883,
          0.0025085841917525087, 0.002542229531595135, 0.0025758748714377615, 0.0026095202112803874,
          0.0026431655511230143, 0.00267681089096564, 0.002710456230808266, 0.0027441015706508925,
          0.002777746910493519, 0.0028113922503361453, 0.0028126269417065165, 0.002813861633076888,
          0.00281509632444726, 0.0028163310158176315, 0.002817565707188003, 0.002818800398558375,
          0.002820035089928746, 0.002821269781299118, 0.0028225044726694895, 0.002823739164039861,
          0.002824973855410233, 0.0028262085467806045, 0.0028274432381509757, 0.0028286779295213474,
          0.002829912620891719, 0.0028311473122620908, 0.0028323820036324624, 0.002833616695002834,
          0.002804292774956508, 0.0027749688549101826, 0.002745644934863857, 0.002716321014817531,
          0.002686997094771206, 0.00265767317472488, 0.0026283492546785546, 0.002599025334632229,
          0.0025697014145859036, 0.0025403774945395776, 0.0025110535744932525, 0.0024817296544469266,
          0.002452405734400601, 0.0024230818143542755, 0.0023937578943079496, 0.002364433974261624,
          0.002335110054215298, 0.002305786134168973, 0.00230547746132638, 0.0023051687884837867,
          0.0023048601156411943, 0.0023045514427986013, 0.0023042427699560084, 0.0023039340971134155,
          0.0023036254242708226, 0.0023033167514282297, 0.0023030080785856367, 0.002302699405743044,
          0.002302390732900451, 0.002302082060057858, 0.002301773387215265, 0.002301464714372672,
          0.0023011560415300792, 0.0023008473686874868, 0.0023005386958448934, 0.0023002300230023005,
          0.002333566690002334, 0.0023669033570023674, 0.002400240024002401, 0.002433576691002434,
          0.0024669133580024673, 0.0025002500250025004, 0.0025335866920025343, 0.0025669233590025677,
          0.0026002600260026008, 0.002633596693002634, 0.0026669333600026672, 0.002700270027002701,
          0.002733606694002734, 0.0027669433610027676, 0.0028002800280028006, 0.002833616695002834,
          0.002866953362002868, 0.002900290029002901, 0.002934861387373306, 0.002969432745743711,
          0.0030040041041141156, 0.0030385754624845207, 0.003073146820854926, 0.0031077181792253305,
          0.0031422895375957352, 0.0031768608959661404, 0.0032114322543365455, 0.00324600361270695,
          0.003280574971077355, 0.00331514632944776, 0.003349717687818165, 0.00338428904618857,
          0.0034188604045589746, 0.0034534317629293797, 0.003488003121299785, 0.0035225744796701895,
          0.0035447989243368784, 0.003567023369003567, 0.003589247813670256, 0.0036114722583369457,
          0.003633696703003634, 0.003655921147670323, 0.0036781455923370118, 0.0037003700370037006,
          0.0037225944816703903, 0.0037448189263370787, 0.0037670433710037675, 0.0037892678156704563,
          0.003811492260337145, 0.003833716705003834, 0.003855941149670523, 0.003878165594337212,
          0.003900390039003901, 0.003922614483670589, 0.0039278619219946685, 0.0039331093603187485,
          0.003938356798642828, 0.003943604236966907, 0.003948851675290986, 0.003954099113615066,
          0.003959346551939145, 0.0039645939902632245, 0.003969841428587304, 0.003975088866911383,
          0.003980336305235463, 0.003985583743559541, 0.003990831181883621, 0.0039960786202077,
          0.0040013260585317805, 0.004006573496855859, 0.004011820935179939, 0.004017068373504018,
          0.004009042879596602, 0.004001017385689187, 0.003992991891781771, 0.003984966397874356,
          0.00397694090396694, 0.003968915410059525, 0.0039608899161521095, 0.0039528644222446944,
          0.0039448389283372794, 0.0039368134344298636, 0.003928787940522448, 0.003920762446615033,
          0.003912736952707617, 0.0039047114588002013, 0.003896685964892786, 0.003888660470985371,
          0.0038806349770779554, 0.00387260948317054, 0.0038636579707353458, 0.0038547064583001516,
          0.0038457549458649574, 0.003836803433429763, 0.003827851920994569, 0.0038189004085593748,
          0.0038099488961241806, 0.0038009973836889864, 0.003792045871253793, 0.003783094358818599,
          0.0037741428463834046, 0.0037651913339482104, 0.0037562398215130162, 0.003747288309077822,
          0.003738336796642628, 0.0037293852842074336, 0.0037204337717722394, 0.0037114822593370452,
          0.0037139516420777886, 0.003716421024818532, 0.003718890407559275, 0.003721359790300018,
          0.003723829173040761, 0.0037262985557815044, 0.003728767938522248, 0.0037312373212629907,
          0.003733706704003734, 0.0037361760867444774, 0.0037386454694852203, 0.0037411148522259637,
          0.003743584234966707, 0.00374605361770745, 0.0037485230004481933, 0.0037509923831889366,
          0.0037534617659296795, 0.003755931148670423, 0.0037562398215130154, 0.0037565484943556087,
          0.0037568571671982016, 0.003757165840040795, 0.0037574745128833875, 0.00375778318572598,
          0.0037580918585685733, 0.0037584005314111662, 0.0037587092042537587, 0.003759017877096352,
          0.0037593265499389445, 0.003759635222781538, 0.003759943895624131, 0.0037602525684667233,
          0.0037605612413093167, 0.003760869914151909, 0.0037611785869945025, 0.0037614872598370954,
          0.0037417321979111495, 0.003721977135985204, 0.0037022220740592585, 0.003682467012133312,
          0.0036627119502073667, 0.0036429568882814212, 0.0036232018263554753, 0.00360344676442953,
          0.0035836917025035843, 0.003563936640577639, 0.0035441815786516925, 0.003524426516725747,
          0.0035046714547998016, 0.0034849163928738556, 0.00346516133094791, 0.0034454062690219647,
          0.0034256512070960188, 0.0034058961451700733, 0.0033599038916237306, 0.0033139116380773883,
          0.0032679193845310465, 0.003221927130984704, 0.0031759348774383616, 0.0031299426238920194,
          0.003083950370345677, 0.003037958116799335, 0.002991965863252992, 0.00294597360970665,
          0.002899981356160308, 0.0028539891026139654, 0.0028079968490676227, 0.002762004595521281,
          0.0027160123419749387, 0.0026700200884285964, 0.0026240278348822537, 0.0025780355813359115,
          0.0025311173092617905, 0.00248419903718767, 0.0024372807651135485, 0.0023903624930394275,
          0.0023434442209653065, 0.002296525948891186, 0.0022496076768170645, 0.0022026894047429434,
          0.002155771132668823, 0.002108852860594702, 0.0020619345885205804, 0.00201501631644646,
          0.001968098044372339, 0.0019211797722982176, 0.0018742615002240966, 0.0018273432281499756,
          0.0017804249560758548]
        maximum: 360.0
        minimum: 0.0
        units: deg
      speed:
        bins: [0.9, 1.98, 3.18, 4.4, 5.64, 6.87, 8.11, 9.35, 10.59, 11.83, 13.07,
          14.31, 15.56, 16.8, 18.04, 19.28, 20.52, 21.77, 23.01, 24.25]
        desctiption: wind speed frequency samples for each binned direction and wind
          speed
        frequency:
        - [0.015640175, 0.0497090909, 0.0811024638, 0.1050883329, 0.1190301631, 0.1222668202,
          0.1159445367, 0.1025108097, 0.0850102571, 0.0663764744, 0.0489239316, 0.0340999223,
          0.0225045684, 0.0140748572, 0.0083476946, 0.0046969535, 0.0025085092, 0.0012722583,
          0.0006121243, 0.0002800569]
        - [0.01574231502222222, 0.0499943814, 0.08150674763333333, 0.10552081155555555,
          0.11939822007222223, 0.12249978944444445, 0.11600919352222222, 0.10241419665555555,
          0.08479062406666667, 0.06608766661666667, 0.04861911392222222, 0.03382013879444445,
          0.02227374681666667, 0.013900757427777778, 0.008226467016666668, 0.004618473783333334,
          0.0024611009444444444, 0.0012454148666666666, 0.0005978970888888889, 0.00027294344444444446]
        - [0.015844455044444445, 0.0502796719, 0.08191103146666666, 0.1059532902111111,
          0.11976627704444445, 0.12273275868888889, 0.11607385034444445, 0.10231758361111111,
          0.08457099103333333, 0.06579885883333333, 0.048314296244444443, 0.03354035528888889,
          0.022042925233333333, 0.013726657655555556, 0.008105239433333333, 0.004539994066666666,
          0.002413692688888889, 0.0012185714333333333, 0.0005836698777777777, 0.00026582998888888894]
        - [0.015946595066666666, 0.0505649624, 0.0823153153, 0.10638576886666666,
          0.12013433401666666, 0.12296572793333334, 0.11613850716666667, 0.10222097056666667,
          0.084351358, 0.06551005104999999, 0.048009478566666666, 0.03326057178333333,
          0.02181210365, 0.013552557883333333, 0.00798401185, 0.00446151435, 0.0023662844333333334,
          0.001191728, 0.0005694426666666667, 0.00025871653333333337]
        - [0.016048735088888887, 0.050850252900000004, 0.08271959913333334, 0.10681824752222221,
          0.12050239098888889, 0.12319869717777777, 0.11620316398888889, 0.10212435752222222,
          0.08413172496666667, 0.06522124326666666, 0.04770466088888889, 0.03298078827777778,
          0.02158128206666667, 0.013378458111111111, 0.007862784266666667, 0.004383034633333333,
          0.002318876177777778, 0.0011648845666666666, 0.0005552154555555556, 0.0002516030777777778]
        - [0.016150875111111112, 0.051135543400000004, 0.08312388296666666, 0.10725072617777778,
          0.12087044796111111, 0.12343166642222222, 0.11626782081111112, 0.10202774447777778,
          0.08391209193333334, 0.06493243548333333, 0.04739984321111111, 0.03270100477222222,
          0.021350460483333333, 0.01320435833888889, 0.007741556683333334, 0.0043045549166666666,
          0.0022714679222222223, 0.0011380411333333333, 0.0005409882444444445, 0.00024448962222222223]
        - [0.016253015133333333, 0.051420833900000004, 0.0835281668, 0.10768320483333334,
          0.12123850493333334, 0.12366463566666668, 0.11633247763333333, 0.10193113143333334,
          0.0836924589, 0.0646436277, 0.047095025533333335, 0.03242122126666667, 0.0211196389,
          0.013030258566666668, 0.0076203291, 0.0042260752, 0.0022240596666666668,
          0.0011111977, 0.0005267610333333333, 0.00023737616666666669]
        - [0.016355155155555554, 0.051706124400000004, 0.08393245063333334, 0.10811568348888889,
          0.12160656190555555, 0.12389760491111111, 0.11639713445555555, 0.10183451838888889,
          0.08347282586666667, 0.06435481991666667, 0.04679020785555556, 0.032141437761111114,
          0.02088881731666667, 0.012856158794444445, 0.007499101516666667, 0.004147595483333333,
          0.0021766514111111112, 0.0010843542666666667, 0.0005125338222222222, 0.00023026271111111114]
        - [0.01645729517777778, 0.051991414900000005, 0.08433673446666666, 0.10854816214444445,
          0.12197461887777777, 0.12413057415555556, 0.11646179127777778, 0.10173790534444445,
          0.08325319283333334, 0.06406601213333334, 0.04648539017777778, 0.03186165425555556,
          0.020657995733333333, 0.012682059022222223, 0.007377873933333333, 0.004069115766666667,
          0.0021292431555555557, 0.0010575108333333333, 0.0004983066111111112, 0.00022314925555555557]
        - [0.0165594352, 0.0522767054, 0.0847410183, 0.1089806408, 0.12234267585,
          0.1243635434, 0.1165264481, 0.10164129229999999, 0.08303355979999999, 0.06377720435,
          0.0461805725, 0.031581870750000005, 0.02042717415, 0.01250795925, 0.00725664635,
          0.0039906360499999995, 0.0020818349, 0.0010306674, 0.0004840794, 0.0002160358]
        - [0.01666157522222222, 0.0525619959, 0.08514530213333334, 0.10941311945555555,
          0.12271073282222222, 0.12459651264444445, 0.11659110492222222, 0.10154467925555555,
          0.08281392676666666, 0.06348839656666666, 0.04587575482222222, 0.03130208724444444,
          0.02019635256666667, 0.012333859477777778, 0.007135418766666667, 0.003912156333333333,
          0.002034426644444444, 0.0010038239666666667, 0.0004698521888888889, 0.00020892234444444446]
        - [0.016763715244444446, 0.0528472864, 0.08554958596666666, 0.10984559811111111,
          0.12307878979444445, 0.1248294818888889, 0.11665576174444445, 0.1014480662111111,
          0.08259429373333332, 0.06319958878333333, 0.04557093714444444, 0.03102230373888889,
          0.019965530983333334, 0.012159759705555556, 0.007014191183333333, 0.003833676616666667,
          0.0019870183888888887, 0.0009769805333333333, 0.00045562497777777776, 0.00020180888888888892]
        - [0.016865855266666667, 0.0531325769, 0.0859538698, 0.11027807676666666,
          0.12344684676666666, 0.12506245113333334, 0.11672041856666666, 0.10135145316666666,
          0.08237466069999999, 0.062910781, 0.045266119466666664, 0.030742520233333334,
          0.0197347094, 0.011985659933333333, 0.0068929636, 0.0037551968999999996,
          0.0019396101333333331, 0.0009501371, 0.0004413977666666666, 0.00019469543333333335]
        - [0.016967995288888888, 0.0534178674, 0.08635815363333334, 0.11071055542222222,
          0.12381490373888888, 0.12529542037777777, 0.11678507538888888, 0.10125484012222222,
          0.08215502766666666, 0.06262197321666667, 0.04496130178888889, 0.03046273672777778,
          0.01950388781666667, 0.011811560161111113, 0.006771736016666667, 0.0036767171833333332,
          0.0018922018777777776, 0.0009232936666666667, 0.00042717055555555554, 0.00018758197777777778]
        - [0.017070135311111113, 0.0537031579, 0.08676243746666666, 0.11114303407777779,
          0.12418296071111111, 0.12552838962222224, 0.11684973221111111, 0.10115822707777777,
          0.08193539463333332, 0.06233316543333333, 0.04465648411111111, 0.030182953222222225,
          0.019273066233333334, 0.011637460388888889, 0.006650508433333334, 0.0035982374666666665,
          0.001844793622222222, 0.0008964502333333334, 0.0004129433444444444, 0.00018046852222222223]
        - [0.017172275333333334, 0.0539884484, 0.0871667213, 0.11157551273333334,
          0.12455101768333333, 0.12576135886666667, 0.11691438903333333, 0.10106161403333333,
          0.08171576159999999, 0.06204435765, 0.04435166643333333, 0.029903169716666667,
          0.01904224465, 0.011463360616666668, 0.00652928085, 0.0035197577499999997,
          0.0017973853666666665, 0.0008696068, 0.00039871613333333333, 0.0001733550666666667]
        - [0.017274415355555555, 0.0542737389, 0.08757100513333334, 0.1120079913888889,
          0.12491907465555555, 0.1259943281111111, 0.11697904585555555, 0.10096500098888889,
          0.08149612856666666, 0.06175554986666667, 0.044046848755555555, 0.029623386211111113,
          0.01881142306666667, 0.011289260844444446, 0.0064080532666666665, 0.0034412780333333334,
          0.001749977111111111, 0.0008427633666666667, 0.0003844889222222222, 0.00016624161111111112]
        - [0.01737655537777778, 0.0545590294, 0.08797528896666666, 0.11244047004444445,
          0.12528713162777777, 0.12622729735555557, 0.11704370267777778, 0.10086838794444444,
          0.08127649553333333, 0.06146674208333333, 0.04374203107777778, 0.029343602705555555,
          0.018580601483333334, 0.011115161072222223, 0.006286825683333334, 0.003362798316666666,
          0.0017025688555555554, 0.0008159199333333334, 0.00037026171111111106, 0.00015912815555555555]
        - [0.0174786954, 0.0548443199, 0.0883795728, 0.1128729487, 0.1256551886, 0.1264602666,
          0.1171083595, 0.1007717749, 0.0810568625, 0.0611779343, 0.0434372134, 0.0290638192,
          0.0183497799, 0.0109410613, 0.0061655981, 0.0032843186, 0.0016551606, 0.0007890765,
          0.0003560345, 0.0001520147]
        - [0.017415240455555557, 0.05480633985, 0.08846291799444445, 0.11308598587777778,
          0.1259469035722222, 0.12675070080555556, 0.1173226034111111, 0.10086524163333334,
          0.08102450873333333, 0.061047428155555555, 0.043252603961111115, 0.02886876213888889,
          0.018175929450000003, 0.010804461394444445, 0.006068850266666667, 0.003221915733333333,
          0.0016180978222222221, 0.0007687396444444445, 0.0003456439833333333, 0.00014712510555555557]
        - [0.017351785511111113, 0.0547683598, 0.08854626318888889, 0.11329902305555556,
          0.12623861854444443, 0.1270411350111111, 0.11753684732222222, 0.10095870836666666,
          0.08099215496666666, 0.06091692201111111, 0.04306799452222222, 0.028673705077777778,
          0.018002079, 0.01066786148888889, 0.005972102433333334, 0.0031595128666666666,
          0.0015810350444444444, 0.0007484027888888889, 0.00033525346666666666, 0.0001422355111111111]
        - [0.017288330566666666, 0.05473037975, 0.08862960838333334, 0.11351206023333334,
          0.12653033351666665, 0.12733156921666666, 0.11775109123333333, 0.1010521751,
          0.08095980119999999, 0.060786415866666665, 0.042883385083333336, 0.028478648016666667,
          0.017828228550000002, 0.010531261583333333, 0.0058753546, 0.0030971099999999997,
          0.0015439722666666666, 0.0007280659333333333, 0.00032486295, 0.00013734591666666668]
        - [0.017224875622222222, 0.0546923997, 0.08871295357777778, 0.11372509741111111,
          0.1268220484888889, 0.12762200342222224, 0.11796533514444445, 0.10114564183333333,
          0.08092744743333333, 0.06065590972222222, 0.042698775644444444, 0.028283590955555556,
          0.0176543781, 0.010394661677777778, 0.005778606766666667, 0.0030347071333333333,
          0.0015069094888888889, 0.0007077290777777779, 0.0003144724333333333, 0.00013245632222222222]
        - [0.01716142067777778, 0.05465441965, 0.08879629877222223, 0.11393813458888889,
          0.1271137634611111, 0.1279124376277778, 0.11817957905555555, 0.10123910856666667,
          0.08089509366666667, 0.060525403577777775, 0.04251416620555556, 0.028088533894444444,
          0.01748052765, 0.010258061772222223, 0.005681858933333333, 0.0029723042666666664,
          0.001469846711111111, 0.0006873922222222223, 0.00030408191666666666, 0.00012756672777777779]
        - [0.017097965733333335, 0.054616439600000004, 0.08887964396666667, 0.11415117176666667,
          0.12740547843333333, 0.12820287183333334, 0.11839382296666666, 0.1013325753,
          0.0808627399, 0.06039489743333333, 0.042329556766666665, 0.027893476833333333,
          0.017306677200000002, 0.010121461866666667, 0.0055851111, 0.0029099014,
          0.0014327839333333333, 0.0006670553666666667, 0.0002936914, 0.00012267713333333332]
        - [0.017034510788888887, 0.05457845955, 0.08896298916111112, 0.11436420894444445,
          0.12769719340555555, 0.1284933060388889, 0.11860806687777778, 0.10142604203333333,
          0.08083038613333332, 0.060264391288888886, 0.04214494732777778, 0.027698419772222222,
          0.01713282675, 0.009984861961111112, 0.005488363266666667, 0.002847498533333333,
          0.0013957211555555554, 0.0006467185111111111, 0.00028330088333333335, 0.00011778753888888889]
        - [0.016971055844444444, 0.0545404795, 0.08904633435555556, 0.11457724612222223,
          0.12798890837777777, 0.12878374024444444, 0.11882231078888889, 0.10151950876666667,
          0.08079803236666666, 0.06013388514444444, 0.041960337888888886, 0.02750336271111111,
          0.0169589763, 0.009848262055555557, 0.005391615433333333, 0.0027850956666666668,
          0.0013586583777777778, 0.0006263816555555556, 0.00027291036666666666, 0.00011289794444444446]
        - [0.0169076009, 0.054502499450000005, 0.08912967955000001, 0.1147902833,
          0.12828062335, 0.12907417445000002, 0.11903655469999999, 0.10161297550000001,
          0.0807656786, 0.060003378999999996, 0.04177572845, 0.02730830565, 0.01678512585,
          0.009711662150000001, 0.0052948676, 0.0027226928, 0.0013215955999999998,
          0.0006060448000000001, 0.00026251985, 0.00010800835]
        - [0.016844145955555556, 0.0544645194, 0.08921302474444444, 0.11500332047777778,
          0.12857233832222223, 0.12936460865555557, 0.11925079861111111, 0.10170644223333333,
          0.08073332483333333, 0.05987287285555556, 0.041591119011111115, 0.02711324858888889,
          0.0166112754, 0.009575062244444444, 0.005198119766666667, 0.002660289933333333,
          0.0012845328222222223, 0.0005857079444444445, 0.00025212933333333335, 0.00010311875555555556]
        - [0.016780691011111112, 0.054426539350000004, 0.08929636993888888, 0.11521635765555556,
          0.12886405329444445, 0.12965504286111112, 0.11946504252222222, 0.10179990896666667,
          0.08070097106666665, 0.05974236671111111, 0.04140650957222222, 0.026918191527777777,
          0.01643742495, 0.009438462338888889, 0.005101371933333334, 0.0025978870666666667,
          0.0012474700444444443, 0.0005653710888888889, 0.00024173881666666666, 9.822916111111112e-05]
        - [0.016717236066666665, 0.0543885593, 0.08937971513333333, 0.11542939483333334,
          0.12915576826666667, 0.12994547706666668, 0.11967928643333334, 0.1018933757,
          0.0806686173, 0.05961186056666667, 0.041221900133333336, 0.026723134466666666,
          0.0162635745, 0.009301862433333334, 0.0050046241000000005, 0.0025354842,
          0.0012104072666666665, 0.0005450342333333334, 0.0002313483, 9.333956666666667e-05]
        - [0.01665378112222222, 0.05435057925, 0.08946306032777777, 0.11564243201111112,
          0.12944748323888888, 0.13023591127222223, 0.11989353034444444, 0.10198684243333334,
          0.08063626353333334, 0.05948135442222222, 0.041037290694444443, 0.026528077405555555,
          0.01608972405, 0.009165262527777778, 0.004907876266666666, 0.0024730813333333334,
          0.0011733444888888888, 0.0005246973777777778, 0.00022095778333333334, 8.844997222222222e-05]
        - [0.016590326177777778, 0.054312599200000006, 0.08954640552222222, 0.1158554691888889,
          0.1297391982111111, 0.13052634547777778, 0.12010777425555555, 0.10208030916666667,
          0.08060390976666666, 0.05935084827777778, 0.04085268125555556, 0.026333020344444444,
          0.015915873599999998, 0.009028662622222223, 0.004811128433333334, 0.0024106784666666665,
          0.001136281711111111, 0.0005043605222222222, 0.00021056726666666666, 8.356037777777779e-05]
        - [0.016526871233333334, 0.05427461915, 0.08962975071666666, 0.11606850636666667,
          0.13003091318333332, 0.13081677968333333, 0.12032201816666667, 0.1021737759,
          0.08057155599999999, 0.05922034213333333, 0.040668071816666665, 0.026137963283333333,
          0.01574202315, 0.008892062716666666, 0.0047143806, 0.0023482755999999997,
          0.0010992189333333333, 0.0004840236666666667, 0.00020017675, 7.867078333333334e-05]
        - [0.016463416288888887, 0.054236639100000004, 0.08971309591111111, 0.11628154354444445,
          0.13032262815555556, 0.1311072138888889, 0.12053626207777778, 0.10226724263333334,
          0.08053920223333333, 0.05908983598888889, 0.04048346237777778, 0.02594290622222222,
          0.0155681727, 0.008755462811111111, 0.004617632766666667, 0.0022858727333333333,
          0.0010621561555555555, 0.0004636868111111111, 0.00018978623333333334, 7.37811888888889e-05]
        - [0.016399961344444443, 0.05419865905, 0.08979644110555556, 0.11649458072222223,
          0.13061434312777778, 0.13139764809444446, 0.1207505059888889, 0.10236070936666666,
          0.08050684846666667, 0.05895932984444444, 0.040298852938888886, 0.02574784916111111,
          0.01539432225, 0.008618862905555556, 0.0045208849333333335, 0.002223469866666667,
          0.0010250933777777777, 0.0004433499555555555, 0.00017939571666666668, 6.889159444444445e-05]
        - [0.0163365064, 0.054160679, 0.0898797863, 0.1167076179, 0.1309060581, 0.1316880823,
          0.1209647499, 0.1024541761, 0.0804744947, 0.0588288237, 0.0401142435, 0.0255527921,
          0.0152204718, 0.008482263, 0.0044241371, 0.002161067, 0.0009880306, 0.0004230131,
          0.00016900520000000003, 6.4002e-05]
        - [0.016159818177777778, 0.05383560987777778, 0.08961956299444444, 0.11663319681111112,
          0.13104095487222223, 0.13197309058333334, 0.12129782727222223, 0.10273777565,
          0.08064978681111111, 0.05888575231111111, 0.04007974971666667, 0.025469037894444442,
          0.0151255079, 0.008400251894444445, 0.004364575605555556, 0.0021231751277777777,
          0.0009665292, 0.00041201248333333333, 0.00016394939444444443, 6.183523333333333e-05]
        - [0.015983129955555554, 0.05351054075555556, 0.08935933968888889, 0.11655877572222223,
          0.13117585164444445, 0.13225809886666667, 0.12163090464444444, 0.1030213752,
          0.08082507892222222, 0.05894268092222222, 0.040045255933333336, 0.02538528368888889,
          0.015030544, 0.00831824078888889, 0.004305014111111111, 0.0020852832555555557,
          0.0009450277999999999, 0.00040101186666666665, 0.0001588935888888889, 5.9668466666666666e-05]
        - [0.015806441733333332, 0.053185471633333335, 0.08909911638333333, 0.11648435463333334,
          0.13131074841666668, 0.13254310715, 0.12196398201666667, 0.10330497475,
          0.08100037103333332, 0.05899960953333333, 0.040010762150000004, 0.02530152948333333,
          0.0149355801, 0.008236229683333334, 0.004245452616666667, 0.0020473913833333334,
          0.0009235264, 0.00039001125, 0.00015383778333333332, 5.75017e-05]
        - [0.01562975351111111, 0.05286040251111111, 0.08883889307777777, 0.11640993354444445,
          0.1314456451888889, 0.13282811543333334, 0.12229705938888889, 0.1035885743,
          0.08117566314444444, 0.05905653814444444, 0.039976268366666665, 0.025217775277777778,
          0.0148406162, 0.008154218577777778, 0.0041858911222222225, 0.002009499511111111,
          0.000902025, 0.0003790106333333333, 0.00014878197777777778, 5.533493333333333e-05]
        - [0.015453065288888889, 0.05253533338888889, 0.08857866977222223, 0.11633551245555555,
          0.1315805419611111, 0.13311312371666667, 0.1226301367611111, 0.10387217385,
          0.08135095525555555, 0.05911346675555555, 0.03994177458333333, 0.02513402107222222,
          0.0147456523, 0.008072207472222223, 0.004126329627777778, 0.001971607638888889,
          0.0008805236, 0.0003680100166666667, 0.00014372617222222221, 5.3168166666666663e-05]
        - [0.015276377066666666, 0.05221026426666667, 0.08831844646666667, 0.11626109136666667,
          0.13171543873333333, 0.133398132, 0.12296321413333333, 0.1041557734, 0.08152624736666667,
          0.05917039536666666, 0.0399072808, 0.025050266866666667, 0.0146506884, 0.007990196366666667,
          0.004066768133333333, 0.0019337157666666667, 0.0008590221999999999, 0.0003570094,
          0.00013867036666666667, 5.10014e-05]
        - [0.015099688844444443, 0.051885195144444445, 0.08805822316111112, 0.11618667027777778,
          0.13185033550555555, 0.13368314028333333, 0.12329629150555556, 0.10443937295,
          0.08170153947777778, 0.059227323977777774, 0.03987278701666667, 0.02496651266111111,
          0.0145557245, 0.007908185261111112, 0.004007206638888889, 0.0018958238944444443,
          0.0008375208, 0.00034600878333333334, 0.0001336145611111111, 4.8834633333333335e-05]
        - [0.014923000622222222, 0.05156012602222222, 0.08779799985555556, 0.11611224918888889,
          0.13198523227777778, 0.13396814856666667, 0.12362936887777777, 0.1047229725,
          0.0818768315888889, 0.059284252588888885, 0.039838293233333336, 0.024882758455555556,
          0.0144607606, 0.007826174155555556, 0.003947645144444445, 0.0018579320222222222,
          0.0008160194, 0.00033500816666666666, 0.00012855875555555554, 4.666786666666667e-05]
        - [0.0147463124, 0.051235056900000006, 0.08753777655, 0.1160378281, 0.13212012905,
          0.13425315685, 0.12396244625, 0.10500657205, 0.08205212370000001, 0.059341181199999996,
          0.039803799449999996, 0.02479900425, 0.014365796699999999, 0.007744163050000001,
          0.00388808365, 0.00182004015, 0.0007945179999999999, 0.00032400755, 0.00012350295,
          4.45011e-05]
        - [0.014569624177777777, 0.05090998777777778, 0.08727755324444444, 0.11596340701111112,
          0.13225502582222223, 0.13453816513333333, 0.12429552362222222, 0.10529017160000001,
          0.08222741581111111, 0.05939810981111111, 0.039769305666666664, 0.024715250044444442,
          0.0142708328, 0.007662151944444444, 0.0038285221555555554, 0.0017821482777777777,
          0.0007730166, 0.0003130069333333333, 0.00011844714444444444, 4.233433333333333e-05]
        - [0.014392935955555556, 0.05058491865555556, 0.08701732993888889, 0.11588898592222223,
          0.13238992259444446, 0.13482317341666666, 0.12462860099444444, 0.10557377115000001,
          0.08240270792222222, 0.059455038422222224, 0.03973481188333333, 0.02463149583888889,
          0.0141758689, 0.007580140838888889, 0.003768960661111111, 0.0017442564055555555,
          0.0007515152, 0.0003020063166666667, 0.00011339133888888889, 4.016756666666667e-05]
        - [0.014216247733333333, 0.05025984953333334, 0.08675710663333333, 0.11581456483333334,
          0.13252481936666669, 0.1351081817, 0.12496167836666666, 0.10585737070000001,
          0.08257800003333333, 0.059511967033333335, 0.0397003181, 0.02454774163333333,
          0.014080905, 0.007498129733333333, 0.0037093991666666665, 0.0017063645333333334,
          0.0007300137999999999, 0.0002910057, 0.00010833553333333332, 3.8000800000000004e-05]
        - [0.01403955951111111, 0.049934780411111115, 0.08649688332777777, 0.11574014374444445,
          0.1326597161388889, 0.13539318998333333, 0.12529475573888887, 0.10614097025000001,
          0.08275329214444445, 0.059568895644444446, 0.03966582431666667, 0.024463987427777778,
          0.0139859411, 0.007416118627777778, 0.0036498376722222223, 0.001668472661111111,
          0.0007085124, 0.00028000508333333334, 0.00010327972777777777, 3.5834033333333336e-05]
        - [0.013862871288888887, 0.04960971128888889, 0.08623666002222223, 0.11566572265555555,
          0.1327946129111111, 0.13567819826666666, 0.12562783311111111, 0.10642456980000001,
          0.08292858425555556, 0.05962582425555556, 0.039631330533333335, 0.02438023322222222,
          0.0138909772, 0.007334107522222222, 0.0035902761777777776, 0.0016305807888888889,
          0.000687011, 0.00026900446666666667, 9.822392222222221e-05, 3.366726666666667e-05]
        - [0.013686183066666666, 0.04928464216666667, 0.08597643671666667, 0.11559130156666667,
          0.13292950968333334, 0.13596320655, 0.12596091048333333, 0.10670816935,
          0.08310387636666666, 0.05968275286666667, 0.03959683675, 0.024296479016666667,
          0.0137960133, 0.007252096416666667, 0.0035307146833333334, 0.0015926889166666667,
          0.0006655096, 0.00025800385, 9.316811666666666e-05, 3.15005e-05]
        - [0.013509494844444444, 0.04895957304444445, 0.08571621341111112, 0.11551688047777778,
          0.13306440645555556, 0.13624821483333333, 0.12629398785555554, 0.1069917689,
          0.08327916847777778, 0.05973968147777778, 0.039562342966666664, 0.02421272481111111,
          0.0137010494, 0.007170085311111111, 0.0034711531888888887, 0.0015547970444444443,
          0.0006440082, 0.0002470032333333333, 8.81123111111111e-05, 2.9333733333333333e-05]
        - [0.01333280662222222, 0.048634503922222225, 0.08545599010555556, 0.11544245938888889,
          0.1331993032277778, 0.13653322311666666, 0.12662706522777778, 0.10727536845,
          0.08345446058888889, 0.05979661008888889, 0.03952784918333333, 0.024128970605555557,
          0.0136060855, 0.007088074205555556, 0.003411591694444444, 0.0015169051722222222,
          0.0006225067999999999, 0.00023600261666666665, 8.305650555555555e-05, 2.7166966666666666e-05]
        - [0.0131561184, 0.0483094348, 0.0851957668, 0.1153680383, 0.1333342, 0.1368182314,
          0.1269601426, 0.107558968, 0.0836297527, 0.0598535387, 0.0394933554, 0.0240452164,
          0.0135111216, 0.0070060631, 0.0033520302, 0.0014790133, 0.0006010054, 0.00022500199999999997,
          7.80007e-05, 2.5000199999999998e-05]
        - [0.012961064838888888, 0.04776811158888889, 0.08446539935555555, 0.11464918277777777,
          0.1328116323777778, 0.13660744789999998, 0.12707974944444445, 0.10793973814444445,
          0.08415229358333334, 0.06039518175, 0.03996410051666666, 0.024401620344444444,
          0.013750575127777779, 0.007150234794444444, 0.0034301994166666665, 0.0015173478222222222,
          0.0006180059055555555, 0.00023183553333333334, 8.050077222222222e-05, 2.5778000000000003e-05]
        - [0.012766011277777777, 0.04722678837777778, 0.08373503191111112, 0.11393032725555556,
          0.13228906475555557, 0.13639666439999998, 0.12719935628888887, 0.1083205082888889,
          0.08467483446666667, 0.0609368248, 0.040434845633333334, 0.02475802428888889,
          0.013990028655555556, 0.007294406488888889, 0.0035083686333333333, 0.0015556823444444444,
          0.0006350064111111111, 0.00023866906666666665, 8.300084444444444e-05, 2.65558e-05]
        - [0.012570957716666666, 0.04668546516666667, 0.08300466446666667, 0.11321147173333333,
          0.13176649713333335, 0.1361858809, 0.12731896313333332, 0.10870127843333334,
          0.08519737535000001, 0.06147846785, 0.04090559075, 0.025114428233333333,
          0.014229482183333333, 0.007438578183333334, 0.00358653785, 0.0015940168666666668,
          0.0006520069166666666, 0.0002455026, 8.550091666666666e-05, 2.7333600000000002e-05]
        - [0.012375904155555555, 0.04614414195555556, 0.08227429702222222, 0.11249261621111112,
          0.13124392951111113, 0.1359750974, 0.12743856997777778, 0.10908204857777778,
          0.08571991623333333, 0.0620201109, 0.04137633586666667, 0.025470832177777777,
          0.014468935711111111, 0.007582749877777778, 0.0036647070666666667, 0.001632351388888889,
          0.0006690074222222221, 0.00025233613333333334, 8.800098888888889e-05, 2.8111400000000003e-05]
        - [0.012180850594444445, 0.04560281874444445, 0.08154392957777779, 0.11177376068888889,
          0.1307213618888889, 0.1357643139, 0.12755817682222223, 0.10946281872222223,
          0.08624245711666667, 0.06256175395000001, 0.04184708098333333, 0.025827236122222222,
          0.01470838923888889, 0.007726921572222222, 0.003742876283333333, 0.0016706859111111111,
          0.0006860079277777778, 0.00025916966666666665, 9.05010611111111e-05, 2.88892e-05]
        - [0.011985797033333334, 0.045061495533333336, 0.08081356213333334, 0.11105490516666666,
          0.13019879426666667, 0.13555353039999998, 0.12767778366666666, 0.10984358886666667,
          0.086764998, 0.063103397, 0.0423178261, 0.026183640066666666, 0.014947842766666667,
          0.007871093266666667, 0.0038210454999999996, 0.0017090204333333333, 0.0007030084333333333,
          0.0002660032, 9.300113333333333e-05, 2.9667000000000002e-05]
