definitions:
  wind_inflow:
    description: inflow for current wind conditions
    properties:
      direction:
        bins: [0.0, 5.142857142857142, 10.285714285714285, 15.428571428571427, 20.57142857142857,
          25.71428571428571, 30.857142857142854, 36.0, 41.14285714285714, 46.28571428571428,
          51.42857142857142, 56.57142857142857, 61.71428571428571, 66.85714285714285,
          72.0, 77.14285714285714, 82.28571428571428, 87.42857142857142, 92.57142857142856,
          97.71428571428571, 102.85714285714285, 107.99999999999999, 113.14285714285714,
          118.28571428571428, 123.42857142857142, 128.57142857142856, 133.7142857142857,
          138.85714285714283, 144.0, 149.14285714285714, 154.28571428571428, 159.42857142857142,
          164.57142857142856, 169.7142857142857, 174.85714285714283, 179.99999999999997,
          185.1428571428571, 190.28571428571428, 195.42857142857142, 200.57142857142856,
          205.7142857142857, 210.85714285714283, 215.99999999999997, 221.1428571428571,
          226.28571428571428, 231.42857142857142, 236.57142857142856, 241.7142857142857,
          246.85714285714283, 251.99999999999997, 257.1428571428571, 262.2857142857143,
          267.4285714285714, 272.57142857142856, 277.71428571428567, 282.85714285714283,
          288.0, 293.1428571428571, 298.2857142857143, 303.4285714285714, 308.57142857142856,
          313.71428571428567, 318.85714285714283, 323.99999999999994, 329.1428571428571,
          334.2857142857143, 339.4285714285714, 344.57142857142856, 349.71428571428567,
          354.85714285714283]
        description: The wind direction frequencies. Binned in degrees, with North
          as the 0.
        frequency: [0.008915195428104908, 0.008490662312480865, 0.008066129196856823,
          0.007641596081232779, 0.007408919277477294, 0.007368098785590366, 0.00732727829370344,
          0.007286457801816512, 0.007270129605061741, 0.0072538014083069705, 0.0072374732115522,
          0.0074089192774772945, 0.007768139606082254, 0.008127359934687214, 0.008486580263292173,
          0.009302990101030717, 0.010119399938769261, 0.010935809776507807, 0.011788958056944585,
          0.0126788447800796, 0.013568731503214613, 0.014458618226349626, 0.01449127461985917,
          0.014523931013368711, 0.014556587406878253, 0.014185120930707219, 0.013409531584855602,
          0.012633942239003985, 0.011858352893152364, 0.01185018879477498, 0.011842024696397592,
          0.011833860598020208, 0.012270639861210325, 0.013152362485967954, 0.014034085110725581,
          0.01491580773548321, 0.01583018675375038, 0.016744565772017554, 0.017658944790284722,
          0.01841004184100418, 0.018997856924175934, 0.019585672007347687, 0.020173487090519436,
          0.020312276762934994, 0.02045106643535055, 0.0205898561077661, 0.020553117665067868,
          0.020340851107255843, 0.020128584549443822, 0.0199163179916318, 0.019679559138687623,
          0.019442800285743446, 0.019206041432799265, 0.01912031839983672, 0.019185631186855803,
          0.019250943973874887, 0.01931625676089397, 0.019324420859271354, 0.019332584957648738,
          0.019340749056026126, 0.019083579957138483, 0.01856107766098582, 0.01803857536483315,
          0.017516073068680485, 0.016299622410450056, 0.015083171752219618, 0.013866721093989193,
          0.012638024288192676, 0.011397081334830096, 0.010156138381467502]
        maximum: 360.0
        minimum: 0.0
        units: deg
      speed:
        bins: [0.9, 1.98, 3.18, 4.4, 5.64, 6.87, 8.11, 9.35, 10.59, 11.83, 13.07,
          14.31, 15.56, 16.8, 18.04, 19.28, 20.52, 21.77, 23.01, 24.25]
        desctiption: wind speed frequency samples for each binned direction and wind
          speed
        frequency:
        - [0.015640175, 0.0497090909, 0.0811024638, 0.1050883329, 0.1190301631, 0.1222668202,
          0.1159445367, 0.1025108097, 0.0850102571, 0.0663764744, 0.0489239316, 0.0340999223,
          0.0225045684, 0.0140748572, 0.0083476946, 0.0046969535, 0.0025085092, 0.0012722583,
          0.0006121243, 0.0002800569]
        - [0.01616546654285714, 0.051176299185714286, 0.0831816378, 0.10731250884285715,
          0.12092302752857143, 0.12346494774285714, 0.1162770575, 0.10201394261428572,
          0.08388071578571428, 0.06489117722857142, 0.047356297828571425, 0.0326610357,
          0.021317485971428574, 0.013179486942857144, 0.007724238457142858, 0.004293343528571429,
          0.0022646953142857144, 0.0011342063571428572, 0.0005389557857142858, 0.00024347341428571431]
        - [0.016690758085714286, 0.052643507471428576, 0.0852608118, 0.10953668478571428,
          0.12281589195714286, 0.1246630752857143, 0.1166095783, 0.10151707552857142,
          0.08275117447142857, 0.06340588005714286, 0.04578866405714286, 0.031222149100000002,
          0.020130403542857146, 0.012284116685714287, 0.007100782314285715, 0.0038897335571428573,
          0.0020208814285714288, 0.0009961544142857142, 0.0004657872714285714, 0.0002068899285714286]
        - [0.017216049628571428, 0.05411071575714286, 0.0873399858, 0.11176086072857143,
          0.12470875638571428, 0.12586120282857144, 0.1169420991, 0.10102020844285714,
          0.08162163315714285, 0.06192058288571429, 0.04422103028571429, 0.0297832625,
          0.018943321114285715, 0.01138874642857143, 0.006477326171428571, 0.003486123585714286,
          0.0017770675428571427, 0.0008581024714285714, 0.00039261875714285716, 0.0001703064428571429]
        - [0.017315525542857143, 0.054746656914285714, 0.08859388901428572, 0.11342075858571429,
          0.12640531281428571, 0.12720709741428574, 0.11765927241428571, 0.10101211792857143,
          0.0809736671, 0.06084234707142857, 0.042962503414285716, 0.0285622439, 0.017902735885714286,
          0.010589804400000001, 0.005916817957142858, 0.0031238540857142856, 0.0015598563142857143,
          0.0007367817285714286, 0.0003293160285714286, 0.00013944145714285715]
        - [0.016989185828571427, 0.05455133094285714, 0.08902252144285715, 0.11451637835714286,
          0.12790556124285715, 0.12870075904285716, 0.11876109824285715, 0.10149280398571428,
          0.0808072763, 0.060171172614285715, 0.042013083442857146, 0.0275590933,
          0.01700864785714286, 0.009887290600000001, 0.005419257671428572, 0.0028029250571428572,
          0.0013692477428571429, 0.0006321921857142858, 0.00027587908571428575, 0.00011429497142857145]
        - [0.016662846114285715, 0.054356004971428576, 0.08945115387142857, 0.11561199812857144,
          0.12940580967142856, 0.13019442067142858, 0.11986292407142857, 0.10197349004285715,
          0.0806408855, 0.05949999815714285, 0.04106366347142857, 0.0265559427, 0.016114559828571427,
          0.0091847768, 0.004921697385714286, 0.002481996028571429, 0.0011786391714285714,
          0.0005276026428571429, 0.00022244214285714289, 8.914848571428573e-05]
        - [0.0163365064, 0.054160679, 0.0898797863, 0.1167076179, 0.1309060581, 0.1316880823,
          0.1209647499, 0.1024541761, 0.0804744947, 0.0588288237, 0.0401142435, 0.0255527921,
          0.0152204718, 0.008482263, 0.0044241371, 0.002161067, 0.0009880306, 0.0004230131,
          0.00016900520000000003, 6.4002e-05]
        - [0.015427824114285714, 0.05248889494285715, 0.08854149501428571, 0.11632488087142857,
          0.13159981292857142, 0.1331538391857143, 0.12267771924285714, 0.10391268807142857,
          0.08137599698571428, 0.059121599414285714, 0.0399368469, 0.025122056185714284,
          0.014732086028571428, 0.0080604916, 0.004117820842857143, 0.0019661945142857144,
          0.0008774519714285715, 0.0003664385, 0.0001430039142857143, 5.285862857142858e-05]
        - [0.01451914182857143, 0.05081711088571429, 0.08720320372857143, 0.11594214384285714,
          0.13229356775714288, 0.13461959607142857, 0.12439068858571428, 0.10537120004285715,
          0.08227749927142856, 0.05941437512857143, 0.0397594503, 0.02469132027142857,
          0.014243700257142857, 0.007638720200000001, 0.0038115045857142864, 0.001771322028571429,
          0.000766873342857143, 0.0003098639000000001, 0.0001170026285714286, 4.171525714285716e-05]
        - [0.013610459542857143, 0.04914532682857143, 0.08586491244285714, 0.11555940681428571,
          0.1329873225857143, 0.13608535295714286, 0.12610365792857142, 0.10682971201428572,
          0.08317900155714286, 0.059707150842857146, 0.0395820537, 0.02426058435714286,
          0.013755314485714286, 0.007216948800000001, 0.003505188328571429, 0.001576449542857143,
          0.0006562947142857143, 0.00025328930000000007, 9.100134285714287e-05, 3.0571885714285724e-05]
        - [0.0126545521, 0.046917460828571435, 0.08331767908571429, 0.11351955267142858,
          0.1319904546857143, 0.13627621668571427, 0.12726770305714286, 0.10853809122857143,
          0.08497342925714285, 0.06124633511428571, 0.04070384284285714, 0.024961683685714286,
          0.014126859242857143, 0.007376790314285714, 0.003553036757142857, 0.0015775877857142856,
          0.0006447209857142857, 0.00024257394285714283, 8.442945714285714e-05, 2.7000257142857143e-05]
        - [0.011651419500000001, 0.04413351288571429, 0.07956150365714286, 0.10982258141428572,
          0.12930296405714287, 0.13519218725714285, 0.12788282397142858, 0.11049633768571429,
          0.08766078237142857, 0.06403192794285714, 0.04312481772857143, 0.026794618257142855,
          0.015358334528571427, 0.008118244742857142, 0.00395504987142857, 0.001774736757142857,
          0.000732152157142857, 0.0002777178285714285, 9.728697142857142e-05, 3.100037142857143e-05]
        - [0.010648286900000001, 0.04134956494285715, 0.07580532822857144, 0.10612561015714286,
          0.12661547342857143, 0.13410815782857144, 0.12849794488571428, 0.11245458414285714,
          0.09034813548571427, 0.06681752077142857, 0.04554579261428571, 0.028627552828571424,
          0.016589809814285712, 0.008859699171428571, 0.004357062985714285, 0.001971885728571428,
          0.0008195833285714283, 0.00031286171428571423, 0.0001101444857142857, 3.500048571428571e-05]
        - [0.0096451543, 0.038565617, 0.0720491528, 0.1024286389, 0.1239279828, 0.1330241284,
          0.1291130658, 0.1144128306, 0.0930354886, 0.0696031136, 0.0479667675, 0.0304604874,
          0.0178212851, 0.0096011536, 0.0047590761, 0.0021690347, 0.0009070145, 0.0003480056,
          0.000123002, 3.90006e-05]
        - [0.008579757700000001, 0.03516064048571429, 0.06687951714285714, 0.0966280837,
          0.11883192317142857, 0.12978222757142857, 0.12835324425714287, 0.11609271134285715,
          0.0965335597142857, 0.07399417362857143, 0.052347362042857136, 0.034190621914285714,
          0.020612129785714285, 0.011461602599999999, 0.005872594214285713, 0.0027699368428571423,
          0.0012001780714285713, 0.00047744285714285703, 0.0001744338857142857, 5.785891428571427e-05]
        - [0.007514361100000002, 0.03175566397142858, 0.061709881485714296, 0.0908275285,
          0.11373586354285715, 0.12654032674285715, 0.12759342271428573, 0.11777259208571428,
          0.10003163082857142, 0.07838523365714285, 0.05672795658571428, 0.03792075642857143,
          0.023402974471428566, 0.013322051599999997, 0.006986112328571426, 0.0033708389857142846,
          0.0014933416428571425, 0.0006068801142857141, 0.00022586577142857137, 7.671722857142854e-05]
        - [0.006448964500000003, 0.028350687457142865, 0.056540245828571443, 0.08502697330000002,
          0.10863980391428572, 0.12329842591428572, 0.12683360117142858, 0.11945247282857142,
          0.10352970194285713, 0.08277629368571428, 0.061108551128571414, 0.041650890942857136,
          0.02619381915714285, 0.015182500599999996, 0.00809963044285714, 0.003971741128571427,
          0.0017865052142857136, 0.0007363173714285711, 0.00027729765714285703, 9.557554285714282e-05]
        - [0.005555548771428573, 0.025370781442857152, 0.0518814867857143, 0.07964226217142858,
          0.10372044115714286, 0.11993810530000001, 0.12571098181428572, 0.12065290312857142,
          0.10657566552857142, 0.08684442914285713, 0.06532695287142856, 0.04535068672857142,
          0.029028594414285704, 0.01710857322857142, 0.009268752699999997, 0.004607947142857141,
          0.0020975348714285702, 0.0008727585428571424, 0.0003310167857142856, 0.0001145772285714285]
        - [0.004834113914285715, 0.022815945928571432, 0.04773360435714286, 0.07467339511428572,
          0.09897777527142858, 0.11645936490000001, 0.12422556464285715, 0.12137388298571429,
          0.10916952158571429, 0.09058964002857144, 0.06938316181428571, 0.04902014378571429,
          0.03190730024285714, 0.019100269485714284, 0.010493479099999998, 0.005279457028571428,
          0.002426430614285714, 0.0010162036285714284, 0.00038702315714285706, 0.0001337222857142857]
        - [0.004112679057142859, 0.02026111041428572, 0.043585721928571436, 0.06970452805714286,
          0.09423510938571429, 0.11298062450000002, 0.12274014747142858, 0.12209486284285714,
          0.11176337764285714, 0.09433485091428571, 0.07343937075714285, 0.052689600842857134,
          0.034786006071428566, 0.02109196574285714, 0.011718205499999997, 0.005950966914285713,
          0.0027553263571428567, 0.001159648714285714, 0.00044302952857142844, 0.00015286734285714282]
        - [0.003391244200000002, 0.017706274900000006, 0.039437839500000016, 0.06473566100000001,
          0.08949244350000002, 0.10950188410000002, 0.1212547303, 0.1228158427, 0.1143572337,
          0.09808006179999999, 0.07749557969999998, 0.056359057899999995, 0.037664711899999995,
          0.023083661999999998, 0.012942931899999996, 0.006622476799999998, 0.0030842220999999993,
          0.0013030937999999998, 0.0004990358999999998, 0.00017201239999999995]
        - [0.0030797938571428575, 0.016474475728571428, 0.037303694985714286, 0.06204091134285714,
          0.0867779851857143, 0.1073643307857143, 0.12017325744285715, 0.12300303432857143,
          0.11569793567142857, 0.10018795797142857, 0.07986406044285714, 0.05853494712857143,
          0.039369418528571426, 0.02424032445714286, 0.013625842585714285, 0.0069722185142857135,
          0.0032379484714285716, 0.0013602412, 0.0005158944142857143, 0.000175727]
        - [0.0027683435142857146, 0.015242676557142858, 0.03516955047142857, 0.05934616168571429,
          0.08406352687142858, 0.10522677747142857, 0.11909178458571429, 0.12319022595714285,
          0.11703863764285714, 0.10229585414285713, 0.08223254118571428, 0.060710836357142854,
          0.04107412515714285, 0.025396986914285713, 0.01430875327142857, 0.007321960228571428,
          0.003391674842857143, 0.0014173886, 0.0005327529285714286, 0.0001794416]
        - [0.002456893171428572, 0.014010877385714288, 0.03303540595714286, 0.056651412028571435,
          0.08134906855714286, 0.10308922415714286, 0.11801031172857143, 0.12337741758571429,
          0.1183793396142857, 0.1044037503142857, 0.08460102192857143, 0.06288672558571429,
          0.04277883178571428, 0.02655364937142857, 0.014991663957142855, 0.007671701942857142,
          0.0035454012142857143, 0.001474536, 0.0005496114428571429, 0.00018315619999999998]
        - [0.002288454685714286, 0.01333669897142857, 0.03185335201428571, 0.055138928700000006,
          0.07979917845714286, 0.10183466312857144, 0.11732852198571429, 0.12340539975714285,
          0.11907250872857142, 0.10556036832857142, 0.08594106242857143, 0.06414859591428572,
          0.04379166374285714, 0.02725929962857143, 0.015421425128571429, 0.007900440928571428,
          0.0036514126714285713, 0.0015169692285714287, 0.0005638987857142857, 0.0001871566857142857]
        - [0.0022630280571428575, 0.013220141314285715, 0.031623388642857145, 0.0548087117,
          0.07941385657142858, 0.10146309438571428, 0.11704641535714286, 0.12327417247142856,
          0.11911814498571428, 0.10576570818571428, 0.08625266268571428, 0.06449644734285714,
          0.04411262102857143, 0.027513937685714286, 0.015598036785714284, 0.008008177185714286,
          0.003709709214285714, 0.0015446882857142858, 0.0005756149571428571, 0.0001914430571428571]
        - [0.002237601428571429, 0.013103583657142858, 0.03139342527142857, 0.0544784947,
          0.07902853468571429, 0.10109152564285714, 0.11676430872857144, 0.12314294518571428,
          0.11916378124285713, 0.10597104804285715, 0.08656426294285714, 0.06484429877142857,
          0.04443357831428571, 0.02776857574285714, 0.015774648442857142, 0.008115913442857142,
          0.0037680057571428567, 0.0015724073428571427, 0.0005873311285714285, 0.00019572942857142854]
        - [0.0022121748, 0.012987026, 0.0311634619, 0.0541482777, 0.0786432128, 0.1007199569,
          0.1164822021, 0.1230117179, 0.1192094175, 0.1061763879, 0.0868758632, 0.0651921502,
          0.0447545356, 0.0280232138, 0.0159512601, 0.0082236497, 0.0038263023, 0.0016001264,
          0.0005990473, 0.0002000158]
        - [0.002313085342857143, 0.013339019971428572, 0.03166951387142857, 0.05462473264285714,
          0.07889464137142857, 0.1006094397857143, 0.11598619555714286, 0.12223664484285714,
          0.11835798058571428, 0.10546988341428572, 0.08647163085714285, 0.06513272522857143,
          0.04497164471428571, 0.028387190114285712, 0.01633302507142857, 0.008538125414285714,
          0.0040426863, 0.001727887057142857, 0.0006644957285714285, 0.00022945205714285712]
        - [0.0024139958857142857, 0.013691013942857143, 0.03217556584285714, 0.05510118758571428,
          0.07914606994285715, 0.10049892267142857, 0.11549018901428572, 0.12146157178571429,
          0.11750654367142857, 0.10476337892857143, 0.08606739851428571, 0.06507330025714286,
          0.04518875382857143, 0.028751166428571426, 0.01671479004285714, 0.008852601128571428,
          0.0042590703, 0.0018556477142857141, 0.000729944157142857, 0.00025888831428571424]
        - [0.0025149064285714287, 0.014043007914285713, 0.03268161781428572, 0.055577642528571426,
          0.07939749851428572, 0.10038840555714286, 0.11499418247142858, 0.12068649872857143,
          0.11665510675714286, 0.10405687444285715, 0.08566316617142856, 0.06501387528571428,
          0.045405862942857145, 0.02911514274285714, 0.01709655501428571, 0.009167076842857141,
          0.004475454299999999, 0.0019834083714285714, 0.0007953925857142856, 0.00028832457142857136]
        - [0.002646881957142857, 0.01447130637142857, 0.03325858964285714, 0.056069378414285706,
          0.07957754941428571, 0.10011635757142857, 0.1142726761857143, 0.11966912257142857,
          0.11559672942857144, 0.10322011932857143, 0.08522487407142858, 0.06501169048571429,
          0.045747656014285716, 0.02963784624285714, 0.017638563357142853, 0.009619933457142855,
          0.004796545928571427, 0.0021813839571428566, 0.0009028761857142853, 0.00033991939999999975]
        - [0.002809922471428571, 0.014975909314285713, 0.03390648132857143, 0.05657639524285714,
          0.07968622264285714, 0.09968277871428571, 0.11332567015714286, 0.11840944331428571,
          0.11433141168571428, 0.10225311358571429, 0.08475252221428571, 0.06506674585714285,
          0.04621413304285714, 0.030319276928571427, 0.018340815071428568, 0.010211170971428568,
          0.005222345185714284, 0.0024495744714285706, 0.0010523949571428566, 0.0004136727999999997]
        - [0.002972962985714285, 0.015480512257142856, 0.03455437301428571, 0.057083412071428564,
          0.07979489587142857, 0.09924919985714287, 0.11237866412857143, 0.11714976405714286,
          0.11306609394285715, 0.10128610784285715, 0.08428017035714286, 0.06512180122857143,
          0.04668061007142857, 0.03100070761428571, 0.019043066785714283, 0.010802408485714282,
          0.005648144442857141, 0.0027177649857142846, 0.0012019137285714278, 0.00048742619999999964]
        - [0.003136003499999999, 0.015985115199999997, 0.0352022647, 0.0575904289,
          0.0799035691, 0.098815621, 0.1114316581, 0.11589008480000001, 0.11180077620000001,
          0.1003191021, 0.0838078185, 0.0651768566, 0.0471470871, 0.031682138299999996,
          0.019745318499999998, 0.011393645999999997, 0.006073943699999997, 0.002985955499999998,
          0.0013514324999999994, 0.0005611795999999995]
        - [0.0034117994142857126, 0.01676651471428571, 0.0361653135, 0.05834782449999999,
          0.08013161301428572, 0.09834799714285715, 0.11030981841428572, 0.11435052408571429,
          0.11019660051428572, 0.0990041485857143, 0.08302673361428572, 0.06500512322857144,
          0.04749671747142857, 0.032362475585714284, 0.02054267718571428, 0.01213752594285714,
          0.006667827871428568, 0.003403844728571426, 0.001614400928571427, 0.0007105195142857134]
        - [0.003687595328571428, 0.017547914228571427, 0.0371283623, 0.059105220099999994,
          0.08035965692857143, 0.09788037328571429, 0.10918797872857143, 0.11281096337142858,
          0.10859242482857143, 0.09768919507142858, 0.08224564872857143, 0.06483338985714286,
          0.04784634784285714, 0.03304281287142857, 0.02134003587142857, 0.012881405885714285,
          0.0072617120428571415, 0.003821733957142856, 0.0018773693571428568, 0.0008598594285714283]
        - [0.0039633912428571425, 0.01832931374285714, 0.0380914111, 0.059862615699999996,
          0.08058770084285714, 0.09741274942857144, 0.10806613904285714, 0.11127140265714286,
          0.10698824914285715, 0.09637424155714286, 0.08146456384285715, 0.06466165648571429,
          0.048195978214285715, 0.033723150157142855, 0.022137394557142854, 0.013625285828571428,
          0.007855596214285712, 0.004239623185714285, 0.0021403377857142853, 0.0010091993428571425]
        - [0.004297630599999999, 0.01923406508571428, 0.039200816771428566, 0.06077418224285714,
          0.08097389554285714, 0.09710397455714287, 0.10709201807142857, 0.10984494185714287,
          0.10543327422857143, 0.0950223708, 0.08055741414285715, 0.06429542582857144,
          0.048321554542857144, 0.03419190425714286, 0.022768105357142854, 0.014261066814285713,
          0.008396122014285712, 0.004643946499999998, 0.0024120126142857137, 0.001175278271428571]
        - [0.004690313399999998, 0.020262168257142853, 0.04045657931428571, 0.061839919728571426,
          0.08151824102857143, 0.09695404867142858, 0.10626561581428572, 0.10853158097142858,
          0.10392750008571429, 0.0936335828, 0.07952419962857143, 0.06373469788571429,
          0.04822307682857143, 0.03444907517142857, 0.023232168271428568, 0.01478874884285714,
          0.00888328944285714, 0.005034703899999999, 0.002692393842857142, 0.0013580962142857136]
        - [0.005082996199999998, 0.021290271428571424, 0.04171234185714285, 0.0629056572142857,
          0.0820625865142857, 0.09680412278571429, 0.10543921355714286, 0.1072182200857143,
          0.10242172594285714, 0.0922447948, 0.07849098511428572, 0.06317396994285715,
          0.04812459911428572, 0.03470624608571428, 0.023696231185714282, 0.015316430871428569,
          0.00937045687142857, 0.005425461299999998, 0.00297277507142857, 0.0015409141571428562]
        - [0.005475678999999997, 0.022318374599999993, 0.04296810439999999, 0.0639713947,
          0.082606932, 0.0966541969, 0.1046128113, 0.1059048592, 0.10091595180000001,
          0.09085600680000001, 0.0774577706, 0.062613242, 0.0480261214, 0.034963417,
          0.024160294099999997, 0.015844112899999995, 0.009857624299999996, 0.005816218699999999,
          0.003253156299999999, 0.0017237320999999991]
        - [0.005830714199999997, 0.023224974171428565, 0.044120664314285706, 0.06507050484285713,
          0.08340784057142855, 0.09700436978571429, 0.10447348458571429, 0.10534398651428573,
          0.10007710854285715, 0.08991296474285715, 0.07657046968571429, 0.06189374088571429,
          0.04752569351428572, 0.03467879934285714, 0.024050231385714285, 0.015851630185714286,
          0.009927732757142855, 0.005906768671428571, 0.003337690814285714, 0.0017906305285714282]
        - [0.006185749399999999, 0.02413157374285714, 0.045273224228571426, 0.06616961498571429,
          0.08420874914285714, 0.09735454267142857, 0.10433415787142857, 0.10478311382857143,
          0.09923826528571429, 0.08896992268571428, 0.07568316877142858, 0.06117423977142857,
          0.04702526562857143, 0.03439418168571428, 0.023940168671428574, 0.01585914747142857,
          0.009997841214285713, 0.005997318642857143, 0.003422225328571429, 0.0018575289571428572]
        - [0.0065407845999999985, 0.025038173314285712, 0.04642578414285714, 0.06726872512857142,
          0.0850096577142857, 0.09770471555714286, 0.10419483115714286, 0.10422224114285714,
          0.09839942202857144, 0.08802688062857142, 0.07479586785714286, 0.06045473865714286,
          0.04652483774285714, 0.034109564028571425, 0.02383010595714286, 0.015866664757142858,
          0.01006794967142857, 0.006087868614285714, 0.003506759842857143, 0.0019244273857142856]
        - [0.006806214657142856, 0.025717867471428568, 0.047300816928571424, 0.06812297047142857,
          0.08566246954285714, 0.0980385845, 0.10417160294285714, 0.10387959314285714,
          0.09783159651428572, 0.08735395815714285, 0.07413259321428572, 0.05988691162857143,
          0.046097707185714286, 0.03383066464285714, 0.023678817057142858, 0.015808637514285715,
          0.0100672512, 0.006114841385714286, 0.0035413090142857144, 0.001955592742857143]
        - [0.006982039571428571, 0.02617065621428571, 0.04789832258571428, 0.06873235101428571,
          0.08616718462857142, 0.0983561495, 0.10426447322857142, 0.10375516982857143,
          0.09753478874285715, 0.08695115527142858, 0.07369334484285714, 0.05947075868571429,
          0.045743873957142855, 0.03355748352857143, 0.023486301971428574, 0.015685065742857142,
          0.009995745799999999, 0.006078236957142857, 0.0035258728428571432, 0.0019510250285714288]
        - [0.007157864485714285, 0.026623444957142854, 0.04849582824285714, 0.06934173155714286,
          0.08667189971428571, 0.0986737145, 0.10435734351428572, 0.10363074651428571,
          0.09723798097142856, 0.08654835238571429, 0.07325409647142857, 0.05905460574285715,
          0.04539004072857143, 0.03328430241428572, 0.023293786885714287, 0.015561493971428572,
          0.0099242404, 0.006041632528571429, 0.0035104366714285716, 0.0019464573142857144]
        - [0.007333689399999999, 0.027076233699999997, 0.0490933339, 0.0699511121,
          0.0871766148, 0.0989912795, 0.1044502138, 0.1035063232, 0.0969411732, 0.0861455495,
          0.0728148481, 0.0586384528, 0.0450362075, 0.0330111213, 0.0231012718, 0.0154379222,
          0.009852735, 0.0060050281, 0.0034950005, 0.0019418896]
        - [0.007248222914285715, 0.026895081014285716, 0.04890994875714286, 0.06983454707142858,
          0.08716602317142856, 0.09909415452857143, 0.10464376782857142, 0.1037485944,
          0.09718299537142856, 0.08634396661428571, 0.07294282695714285, 0.05868717314285714,
          0.04501479272857143, 0.0329386501, 0.023001368885714284, 0.015331914257142858,
          0.009755662342857144, 0.005925082785714286, 0.0034349613571428577, 0.0019002657714285716]
        - [0.0071627564285714285, 0.02671392832857143, 0.04872656361428571, 0.06971798204285715,
          0.08715543154285714, 0.09919702955714287, 0.10483732185714285, 0.1039908656,
          0.09742481754285715, 0.08654238372857143, 0.07307080581428571, 0.058735893485714286,
          0.04499337795714286, 0.0328661789, 0.022901465971428572, 0.015225906314285715,
          0.009658589685714286, 0.005845137471428572, 0.0033749222142857144, 0.001858641942857143]
        - [0.0070772899428571436, 0.026532775642857144, 0.048543178471428576, 0.06960141701428572,
          0.0871448399142857, 0.09929990458571429, 0.10503087588571428, 0.1042331368,
          0.09766663971428571, 0.08674080084285714, 0.07319878467142857, 0.058784613828571426,
          0.04497196318571429, 0.0327937077, 0.022801563057142857, 0.015119898371428572,
          0.009561517028571428, 0.0057651921571428575, 0.003314883071428572, 0.0018170181142857145]
        - [0.006981827342857143, 0.026309718614285715, 0.04828258912857143, 0.06937918721428572,
          0.08701492452857143, 0.09928742421428571, 0.10513136734285713, 0.10441795441428571,
          0.09789351115714286, 0.08696596604285714, 0.07338742988571428, 0.058916739114285716,
          0.04504339514285714, 0.03281282508571429, 0.022783448528571427, 0.015081060242857143,
          0.009516037757142857, 0.005722731857142857, 0.0032802527, 0.0017916096857142857]
        - [0.006876368628571429, 0.026044757242857146, 0.04794479558571429, 0.06905129264285714,
          0.08676568538571429, 0.09915958844285715, 0.10513879622857142, 0.10454531844285714,
          0.09810543187142856, 0.08721787932857143, 0.07363674145714286, 0.05913226934285714,
          0.04520767382857143, 0.03292353105714286, 0.022847122385714284, 0.015109391928571428,
          0.009522151871428571, 0.005717756571428571, 0.0032710311, 0.0017824166571428573]
        - [0.006770909914285715, 0.025779795871428573, 0.047607002042857144, 0.06872339807142858,
          0.08651644624285715, 0.09903175267142857, 0.10514622511428572, 0.10467268247142857,
          0.09831735258571428, 0.08746979261428571, 0.07388605302857143, 0.05934779957142857,
          0.04537195251428571, 0.03303423702857143, 0.022910796242857145, 0.015137723614285713,
          0.009528265985714286, 0.005712781285714286, 0.0032618095, 0.0017732236285714286]
        - [0.0066654512, 0.0255148345, 0.0472692085, 0.0683955035, 0.0862672071, 0.0989039169,
          0.105153654, 0.1048000465, 0.0985292733, 0.0877217059, 0.0741353646, 0.0595633298,
          0.0455362312, 0.033144943, 0.0229744701, 0.0151660553, 0.0095343801, 0.005707806,
          0.0032525879, 0.0017640306]
        - [0.006712747114285714, 0.025692084557142857, 0.0475847839, 0.06882055084285714,
          0.08674531052857143, 0.09936478515714285, 0.1055259356, 0.10502871544285713,
          0.09858643587142857, 0.08760969735714286, 0.0738844324, 0.059220758028571435,
          0.04515520062857143, 0.0327719734, 0.022644020871428576, 0.01489683812857143,
          0.009330527557142858, 0.005563463200000001, 0.0031570675000000006, 0.0017046719428571433]
        - [0.0067600430285714285, 0.025869334614285713, 0.0479003593, 0.06924559818571428,
          0.08722341395714286, 0.09982565341428572, 0.1058982172, 0.10525738438571429,
          0.09864359844285714, 0.08749768881428571, 0.0736335002, 0.05887818625714286,
          0.044774170057142855, 0.0323990038, 0.022313571642857143, 0.014627620957142857,
          0.009126675014285714, 0.0054191204000000005, 0.0030615471, 0.0016453132857142858]
        - [0.006807338942857143, 0.02604658467142857, 0.0482159347, 0.06967064552857143,
          0.08770151738571429, 0.10028652167142857, 0.1062704988, 0.10548605332857143,
          0.09870076101428571, 0.08738568027142857, 0.073382568, 0.05853561448571429,
          0.044393139485714286, 0.032026034200000005, 0.021983122414285718, 0.014358403785714288,
          0.008922822471428572, 0.0052747776000000015, 0.0029660267000000008, 0.0015859546285714292]
        - [0.007079005257142855, 0.02682960541428571, 0.04936802994285713, 0.07099137497142856,
          0.08896880595714285, 0.10129850082857142, 0.1068820394, 0.10563270375714286,
          0.09840238094285714, 0.08673121678571429, 0.07250141837142857, 0.05756573190000001,
          0.043453456714285715, 0.03119977265714286, 0.021313692242857146, 0.013854164614285716,
          0.008567696685714287, 0.0050399945142857155, 0.002819996014285715, 0.001500413085714286]
        - [0.007575041971428567, 0.028218396842857128, 0.05135664502857141, 0.0732077865142857,
          0.09102527967142855, 0.10286159088571427, 0.107732839, 0.10569733567142857,
          0.09774845822857144, 0.08553429835714287, 0.07099005131428572, 0.05596853850000002,
          0.041955121742857156, 0.029920219171428585, 0.020305281128571436, 0.013114903442857151,
          0.008061297657142861, 0.004714771142857147, 0.0026234550428571447, 0.0013886886571428583]
        - [0.008071078685714283, 0.029607188271428563, 0.053345260114285704, 0.07542419805714284,
          0.09308175338571428, 0.10442468094285713, 0.10858363859999999, 0.10576196758571428,
          0.09709453551428572, 0.08433737992857143, 0.06947868425714286, 0.05437134510000001,
          0.04045678677142858, 0.02864066568571429, 0.01929687001428572, 0.012375642271428575,
          0.00755489862857143, 0.0043895477714285735, 0.0024269140714285723, 0.0012769642285714292]
        - [0.008567115399999995, 0.03099597969999998, 0.05533387519999998, 0.07764060959999997,
          0.09513822709999997, 0.10598777099999998, 0.10943443819999998, 0.1058265995,
          0.09644061280000002, 0.08314046150000001, 0.06796731720000002, 0.05277415170000002,
          0.038958451800000016, 0.027361112200000013, 0.01828845890000001, 0.01163638110000001,
          0.007048499600000005, 0.004064324400000004, 0.002230373100000002, 0.0011652398000000013]
        - [0.009528926999999994, 0.03355558989999998, 0.05887723799999998, 0.08145364214285712,
          0.09852069778571426, 0.10838094239999999, 0.11051867214285713, 0.10555606818571428,
          0.09501057102857144, 0.08090511432857143, 0.06533831008571431, 0.050126261785714304,
          0.03656962365714287, 0.025388813800000014, 0.01678091050000001, 0.010562061100000008,
          0.006331058228571433, 0.0036140449142857173, 0.0019644673857142875, 0.0010169854857142867]
        - [0.010490738599999999, 0.036115200099999994, 0.06242060079999999, 0.08526667468571428,
          0.10190316847142857, 0.11077411379999999, 0.11160290608571428, 0.10528553687142857,
          0.09358052925714286, 0.07866976715714286, 0.06270930297142857, 0.047478371871428574,
          0.03418079551428572, 0.023416515400000004, 0.015273362100000002, 0.009487741100000002,
          0.0056136168571428585, 0.0031637654285714295, 0.001698561671428572, 0.0008687311714285716]
        - [0.011452550199999993, 0.03867481029999998, 0.06596396359999997, 0.0890797072285714,
          0.10528563915714283, 0.11316728519999998, 0.11268714002857141, 0.10501500555714287,
          0.0921504874857143, 0.07643441998571429, 0.060080295857142876, 0.04483048195714288,
          0.031791967371428594, 0.021444217000000015, 0.013765813700000011, 0.008413421100000009,
          0.004896175485714291, 0.0027134859428571464, 0.001432655957142859, 0.0007204768571428583]
        - [0.012462987285714282, 0.04134811189999999, 0.06964519054285713, 0.09300081055714285,
          0.10869877287142857, 0.11549286365714284, 0.11361715409999999, 0.1045413213,
          0.09051757952857144, 0.07403956468571429, 0.05735981220000001, 0.042162734900000005,
          0.029441412600000008, 0.019546180571428578, 0.012345704514285717, 0.007422074300000003,
          0.004247605428571431, 0.0023146193571428582, 0.0012014775571428577, 0.0005940221571428575]
        - [0.013522049857142848, 0.04413510489999997, 0.07346428162857138, 0.09702998467142854,
          0.11214256961428568, 0.11775084917142854, 0.11439294829999999, 0.1038644841,
          0.08868180538571431, 0.07148520125714287, 0.05454785200000003, 0.03947513070000003,
          0.027129131200000024, 0.017722406114285733, 0.011013034542857155, 0.006513700700000008,
          0.003667906685714291, 0.0019671656714285745, 0.0010050264714285733, 0.0004893670714285724]
        - [0.014581112428571423, 0.04692209789999999, 0.07728337271428569, 0.10105915878571427,
          0.11558636635714284, 0.12000883468571427, 0.1151687425, 0.1031876469, 0.08684603124285716,
          0.06893083782857144, 0.05173589180000001, 0.036787526500000015, 0.024816849800000013,
          0.015898631657142864, 0.009680364571428578, 0.005605327100000004, 0.0030882079428571456,
          0.0016197119857142873, 0.0008085753857142866, 0.0003847119857142862]
        maximum: 25.0
        minimum: 0.0
        units: m/s
      turbulence_intenstiy: {default: 0.075, description: turbulence intensity}
description: Wind resource conditions, modified from IEA37 WFLO case study 3 to have
  70 wind direction bins.
title: IEA Wind Task 37 Wind Plant Ontology version 0.1
