definitions:
  wind_inflow:
    description: inflow for current wind conditions
    properties:
      direction:
        bins: [0.0, 12.0, 24.0, 36.0, 48.0, 60.0, 72.0, 84.0, 96.0, 108.0, 120.0,
          132.0, 144.0, 156.0, 168.0, 180.0, 192.0, 204.0, 216.0, 228.0, 240.0, 252.0,
          264.0, 276.0, 288.0, 300.0, 312.0, 324.0, 336.0, 348.0]
        description: The wind direction frequencies. Binned in degrees, with North
          as the 0.
        frequency: [0.020802311367929767, 0.018490943438159792, 0.017224136015112787,
          0.01700188909878875, 0.016912990332259136, 0.01784642738082009, 0.019802200244471605,
          0.02424713857095232, 0.028892099122124676, 0.03373708189798866, 0.03391487943104789,
          0.03189243249249916, 0.02766974108234248, 0.027625291699077674, 0.030003333703744854,
          0.03480386709634403, 0.03978219802200244, 0.0438715412823647, 0.04707189687743082,
          0.04782753639293254, 0.04762751416824091, 0.04647183020335592, 0.045182798088676514,
          0.044716079564396036, 0.04507167463051449, 0.045116124013779305, 0.04371596844093787,
          0.04087120791199021, 0.03424824980553394, 0.02755861762418046]
        maximum: 360.0
        minimum: 0.0
        units: deg
      speed:
        bins: [0.9, 1.98, 3.18, 4.4, 5.64, 6.87, 8.11, 9.35, 10.59, 11.83, 13.07,
          14.31, 15.56, 16.8, 18.04, 19.28, 20.52, 21.77, 23.01, 24.25]
        desctiption: wind speed frequency samples for each binned direction and wind
          speed
        frequency:
        - [0.015640175, 0.0497090909, 0.0811024638, 0.1050883329, 0.1190301631, 0.1222668202,
          0.1159445367, 0.1025108097, 0.0850102571, 0.0663764744, 0.0489239316, 0.0340999223,
          0.0225045684, 0.0140748572, 0.0083476946, 0.0046969535, 0.0025085092, 0.0012722583,
          0.0006121243, 0.0002800569]
        - [0.016865855266666667, 0.0531325769, 0.0859538698, 0.11027807676666666,
          0.12344684676666666, 0.12506245113333334, 0.11672041856666666, 0.10135145316666666,
          0.08237466069999999, 0.062910781, 0.045266119466666664, 0.030742520233333334,
          0.0197347094, 0.011985659933333333, 0.0068929636, 0.0037551968999999996,
          0.0019396101333333331, 0.0009501371, 0.0004413977666666666, 0.00019469543333333335]
        - [0.017097965733333335, 0.054616439600000004, 0.08887964396666667, 0.11415117176666667,
          0.12740547843333333, 0.12820287183333334, 0.11839382296666666, 0.1013325753,
          0.0808627399, 0.06039489743333333, 0.042329556766666665, 0.027893476833333333,
          0.017306677200000002, 0.010121461866666667, 0.0055851111, 0.0029099014,
          0.0014327839333333333, 0.0006670553666666667, 0.0002936914, 0.00012267713333333332]
        - [0.0163365064, 0.054160679, 0.0898797863, 0.1167076179, 0.1309060581, 0.1316880823,
          0.1209647499, 0.1024541761, 0.0804744947, 0.0588288237, 0.0401142435, 0.0255527921,
          0.0152204718, 0.008482263, 0.0044241371, 0.002161067, 0.0009880306, 0.0004230131,
          0.00016900520000000003, 6.4002e-05]
        - [0.014216247733333333, 0.05025984953333334, 0.08675710663333333, 0.11581456483333334,
          0.13252481936666669, 0.1351081817, 0.12496167836666666, 0.10585737070000001,
          0.08257800003333333, 0.059511967033333335, 0.0397003181, 0.02454774163333333,
          0.014080905, 0.007498129733333333, 0.0037093991666666665, 0.0017063645333333334,
          0.0007300137999999999, 0.0002910057, 0.00010833553333333332, 3.8000800000000004e-05]
        - [0.011985797033333334, 0.045061495533333336, 0.08081356213333334, 0.11105490516666666,
          0.13019879426666667, 0.13555353039999998, 0.12767778366666666, 0.10984358886666667,
          0.086764998, 0.063103397, 0.0423178261, 0.026183640066666666, 0.014947842766666667,
          0.007871093266666667, 0.0038210454999999996, 0.0017090204333333333, 0.0007030084333333333,
          0.0002660032, 9.300113333333333e-05, 2.9667000000000002e-05]
        - [0.0096451543, 0.038565617, 0.0720491528, 0.1024286389, 0.1239279828, 0.1330241284,
          0.1291130658, 0.1144128306, 0.0930354886, 0.0696031136, 0.0479667675, 0.0304604874,
          0.0178212851, 0.0096011536, 0.0047590761, 0.0021690347, 0.0009070145, 0.0003480056,
          0.000123002, 3.90006e-05]
        - [0.0071592289, 0.0306206718, 0.0599866696, 0.0888940101, 0.112037177, 0.12545969313333333,
          0.12734014886666667, 0.11833255233333334, 0.10119765453333333, 0.07984892033333334,
          0.058188154766666667, 0.039164134600000004, 0.024333256033333334, 0.013942201266666666,
          0.007357285033333333, 0.0035711397000000003, 0.0015910628333333332, 0.0006500258666666666,
          0.00024300973333333335, 8.300333333333333e-05]
        - [0.0050745922, 0.023667557766666666, 0.049116231833333336, 0.07632968413333334,
          0.1005586639, 0.11761894503333334, 0.1247207037, 0.12113355636666667, 0.1083049029,
          0.08934123640000001, 0.06803109216666667, 0.04779699143333334, 0.030947731633333333,
          0.018436370733333332, 0.010085236966666666, 0.0050556204, 0.0023167987,
          0.0009683886, 0.00036835436666666664, 0.0001273406]
        - [0.0033912442, 0.0177062749, 0.0394378395, 0.064735661, 0.0894924435, 0.1095018841,
          0.1212547303, 0.1228158427, 0.1143572337, 0.0980800618, 0.0774955797, 0.0563590579,
          0.0376647119, 0.023083662, 0.0129429319, 0.0066224768, 0.0030842221, 0.0013030938,
          0.0004990359, 0.0001720124]
        - [0.0026645267333333333, 0.014832076833333332, 0.03445816896666667, 0.0584479118,
          0.08315870743333334, 0.1045142597, 0.11873129363333333, 0.12325262316666666,
          0.1174855383, 0.1029984862, 0.08302203476666667, 0.061436132766666665, 0.0416423607,
          0.025782541066666668, 0.014536390166666666, 0.0074385408, 0.0034429169666666667,
          0.0014364377333333333, 0.0005383724333333334, 0.0001806798]
        - [0.0022715036, 0.013258993866666666, 0.0317000431, 0.054918784033333334,
          0.0795422972, 0.10158695063333334, 0.1171404509, 0.12331791489999999, 0.1191029329,
          0.10569726156666666, 0.08614879593333333, 0.06438049686666666, 0.04400563526666666,
          0.027429058333333332, 0.015539166233333334, 0.0079722651, 0.0036902770333333335,
          0.0015354486, 0.0005717095666666667, 0.00019001426666666665]
        - [0.0022121748, 0.012987026, 0.0311634619, 0.0541482777, 0.0786432128, 0.1007199569,
          0.1164822021, 0.1230117179, 0.1192094175, 0.1061763879, 0.0868758632, 0.0651921502,
          0.0447545356, 0.0280232138, 0.0159512601, 0.0082236497, 0.0038263023, 0.0016001264,
          0.0005990473, 0.0002000158]
        - [0.0024476327333333337, 0.013808345266666668, 0.03234424983333334, 0.0552600059,
          0.07922987946666667, 0.10046208363333334, 0.1153248535, 0.1212032141, 0.11722273136666667,
          0.10452787743333333, 0.0859326544, 0.06505349193333333, 0.045261123533333336,
          0.028872491866666666, 0.016842045033333333, 0.008957426366666667, 0.0043311983,
          0.0018982346000000002, 0.0007517603000000001, 0.0002687004]
        - [0.0027555756333333334, 0.014807708333333334, 0.03369051743333334, 0.05640738963333333,
          0.07964999823333334, 0.099827305, 0.11364133883333334, 0.1188293364, 0.11475318426666667,
          0.10257544883333333, 0.08490997283333333, 0.06504839406666667, 0.0460586407,
          0.030092133366666666, 0.018106731166666667, 0.0100140918, 0.0050804121,
          0.0023601776333333335, 0.0010025553666666667, 0.0003890883333333333]
        - [0.0031360035, 0.0159851152, 0.0352022647, 0.0575904289, 0.0799035691, 0.098815621,
          0.1114316581, 0.1158900848, 0.1118007762, 0.1003191021, 0.0838078185, 0.0651768566,
          0.0471470871, 0.0316821383, 0.0197453185, 0.011393646, 0.0060739437, 0.0029859555,
          0.0013514325, 0.0005611796]
        - [0.0037795273, 0.017808380733333334, 0.03744937856666667, 0.0593576853,
          0.08043567156666667, 0.09772449866666667, 0.10881403216666667, 0.11229777646666667,
          0.1080576996, 0.09725087723333334, 0.0819852871, 0.0647761454, 0.0479628913,
          0.033269591966666665, 0.021605822099999998, 0.013129365866666668, 0.007459673433333333,
          0.003961030366666667, 0.0019650255, 0.0009096394]
        - [0.004559419133333333, 0.0199194672, 0.0400379918, 0.0614846739, 0.08133679253333333,
          0.09700402396666667, 0.10654108323333333, 0.10896936793333334, 0.1044294248,
          0.09409651213333334, 0.07986860446666667, 0.06392160720000001, 0.048255902733333335,
          0.03436335153333333, 0.02307748063333333, 0.014612854833333333, 0.008720900299999999,
          0.004904451433333333, 0.0025989334333333335, 0.0012971569]
        - [0.005475679, 0.0223183746, 0.0429681044, 0.0639713947, 0.082606932, 0.0966541969,
          0.1046128113, 0.1059048592, 0.1009159518, 0.0908560068, 0.0774577706, 0.062613242,
          0.0480261214, 0.034963417, 0.0241602941, 0.0158441129, 0.0098576243, 0.0058162187,
          0.0032531563, 0.0017237321]
        - [0.006304094466666667, 0.0244337736, 0.045657410866666664, 0.06653598503333333,
          0.08447571866666666, 0.09747126696666666, 0.10428771563333333, 0.10459615626666667,
          0.09895865086666666, 0.08865557533333333, 0.0753874018, 0.06093440606666667,
          0.04685845633333333, 0.03429930913333333, 0.023903481100000002, 0.01586165323333333,
          0.0100212107, 0.006027501966666667, 0.0034504035, 0.0018798284333333335]
        - [0.006923431266666667, 0.026019726633333334, 0.04769915403333333, 0.06852922416666667,
          0.08599894626666667, 0.0982502945, 0.10423351646666666, 0.10379664426666667,
          0.09763372466666667, 0.0870854229, 0.07383976096666667, 0.059609476333333335,
          0.04586181836666667, 0.0336485439, 0.02355047366666667, 0.015726256333333334,
          0.010019580933333333, 0.006090438433333334, 0.0035310182333333335, 0.0019525476]
        - [0.0073336894, 0.0270762337, 0.0490933339, 0.0699511121, 0.0871766148, 0.0989912795,
          0.1044502138, 0.1035063232, 0.0969411732, 0.0861455495, 0.0728148481, 0.0586384528,
          0.0450362075, 0.0330111213, 0.0231012718, 0.0154379222, 0.009852735, 0.0060050281,
          0.0034950005, 0.0019418896]
        - [0.0071342676, 0.0266535441, 0.04866543523333333, 0.06967912703333334, 0.08715190099999999,
          0.09923132123333334, 0.10490183986666667, 0.10407162266666667, 0.09750542493333333,
          0.08660852276666667, 0.07311346543333333, 0.0587521336, 0.0449862397, 0.03284202183333333,
          0.022868165, 0.015190570333333334, 0.009626232133333332, 0.005818489033333333,
          0.0033549091666666667, 0.0018447673333333334]
        - [0.0069115215333333336, 0.0261330777, 0.04805739343333333, 0.06916059083333334,
          0.0868487651, 0.09920220036666667, 0.10513631993333333, 0.10450286376666666,
          0.09803479163333333, 0.08713390823333333, 0.0735536376, 0.059060425933333334,
          0.04515291426666667, 0.032886629066666666, 0.022825897766666665, 0.015099948033333333,
          0.009520113833333333, 0.005719415, 0.0032741049666666668, 0.001785481]
        - [0.0066654512, 0.0255148345, 0.0472692085, 0.0683955035, 0.0862672071, 0.0989039169,
          0.105153654, 0.1048000465, 0.0985292733, 0.0877217059, 0.0741353646, 0.0595633298,
          0.0455362312, 0.033144943, 0.0229744701, 0.0151660553, 0.0095343801, 0.005707806,
          0.0032525879, 0.0017640306]
        - [0.0067758083333333335, 0.025928417966666666, 0.0480055511, 0.06938728063333333,
          0.08738278176666667, 0.09997927616666667, 0.10602231106666667, 0.10533360736666667,
          0.09866265263333333, 0.08746035263333334, 0.07354985613333333, 0.058763995666666666,
          0.04464715986666667, 0.0322746806, 0.0222034219, 0.0145378819, 0.009058724166666665,
          0.005371006133333333, 0.0030297069666666665, 0.0016255270666666666]
        - [0.0074096964, 0.027755466366666665, 0.05069377333333333, 0.07246898266666667,
          0.09033978843333333, 0.10234056086666667, 0.10744923913333333, 0.1056757917,
          0.09796643246666667, 0.08593327116666666, 0.07149384033333334, 0.0565009363,
          0.04245456673333333, 0.030346737, 0.020641418166666665, 0.013361323833333334,
          0.008230097333333332, 0.004823178933333333, 0.0026889686999999997, 0.0014259301333333335]
        - [0.0085671154, 0.0309959797, 0.0553338752, 0.0776406096, 0.0951382271, 0.105987771,
          0.1094344382, 0.1058265995, 0.0964406128, 0.0831404615, 0.0679673172, 0.0527741517,
          0.0389584518, 0.0273611122, 0.0182884589, 0.0116363811, 0.0070484996, 0.0040643244,
          0.0022303731, 0.0011652398]
        - [0.010811342466666667, 0.0369684035, 0.06360172173333334, 0.08653768553333334,
          0.1030306587, 0.1115718376, 0.1119643174, 0.10519535976666666, 0.09310384866666667,
          0.07792465143333333, 0.06183296726666667, 0.0465957419, 0.033384519466666665,
          0.0227590826, 0.014770845966666665, 0.009129634433333334, 0.005374469733333333,
          0.0030136722666666664, 0.0016099264333333332, 0.0008193130666666667]
        - [0.013169029, 0.04320610723333333, 0.07219125126666666, 0.09568692663333334,
          0.11099463736666666, 0.11699818733333334, 0.11413435023333333, 0.1040900965,
          0.0892937301, 0.07233665573333332, 0.055485172066666665, 0.040370998766666666,
          0.027899891666666666, 0.018330330933333333, 0.011457257866666666, 0.0068164919,
          0.0038611396, 0.0020829835666666668, 0.0010705101666666666, 0.0005242521]
        maximum: 25.0
        minimum: 0.0
        units: m/s
      turbulence_intenstiy: {default: 0.075, description: turbulence intensity}
description: Wind resource conditions, modified from IEA37 WFLO case study 3 to have
  30 wind direction bins.
title: IEA Wind Task 37 Wind Plant Ontology version 0.1
