definitions:
  wind_inflow:
    description: inflow for current wind conditions
    properties:
      direction:
        bins: [0.0, 7.2, 14.4, 21.6, 28.8, 36.0, 43.2, 50.4, 57.6, 64.8, 72.0, 79.2,
          86.4, 93.60000000000001, 100.8, 108.0, 115.2, 122.4, 129.6, 136.8, 144.0,
          151.20000000000002, 158.4, 165.6, 172.8, 180.0, 187.20000000000002, 194.4,
          201.6, 208.8, 216.0, 223.20000000000002, 230.4, 237.6, 244.8, 252.0, 259.2,
          266.40000000000003, 273.6, 280.8, 288.0, 295.2, 302.40000000000003, 309.6,
          316.8, 324.0, 331.2, 338.40000000000003, 345.6, 352.8]
        description: The wind direction frequencies. Binned in degrees, with North
          as the 0.
        frequency: [0.012481298054997722, 0.011649211517997873, 0.010817124980998025,
          0.010361077552065416, 0.010281069231200046, 0.010201060910334675, 0.010169057581988527,
          0.01013705425364238, 0.010473089201276934, 0.01117716242489219, 0.011881235648507446,
          0.013481402065814847, 0.015081568483122249, 0.016753742389208483, 0.018497923784073545,
          0.020242105178938614, 0.02030611183563091, 0.020370118492323206, 0.019642042772448336,
          0.018121884676006304, 0.01660172657956428, 0.016585724915391203, 0.016569723251218128,
          0.017425812284477586, 0.019153992015169582, 0.020882171745861575, 0.022674358133245864,
          0.02446654452063015, 0.025938697624552955, 0.027090817445014286, 0.028242937265475613,
          0.02851496555641787, 0.028786993847360127, 0.028714986358581295, 0.028298943090081373,
          0.027882899821581448, 0.027418851560562302, 0.026954803299543154, 0.026786785825725877,
          0.02691479913911047, 0.02704281245249506, 0.027058814116668134, 0.027074815780841206,
          0.026570763359389377, 0.025546656852312645, 0.02452255034523591, 0.022138302383447883,
          0.019754054421659843, 0.017345803963612207, 0.014913551009304965]
        maximum: 360.0
        minimum: 0.0
        units: deg
      speed:
        bins: [0.9, 1.98, 3.18, 4.4, 5.64, 6.87, 8.11, 9.35, 10.59, 11.83, 13.07,
          14.31, 15.56, 16.8, 18.04, 19.28, 20.52, 21.77, 23.01, 24.25]
        desctiption: wind speed frequency samples for each binned direction and wind
          speed
        frequency:
        - [0.015640175, 0.0497090909, 0.0811024638, 0.1050883329, 0.1190301631, 0.1222668202,
          0.1159445367, 0.1025108097, 0.0850102571, 0.0663764744, 0.0489239316, 0.0340999223,
          0.0225045684, 0.0140748572, 0.0083476946, 0.0046969535, 0.0025085092, 0.0012722583,
          0.0006121243, 0.0002800569]
        - [0.01637558316, 0.051763182500000005, 0.0840133074, 0.10820217922, 0.1216801733,
          0.12394419876, 0.11641006582, 0.10181519577999999, 0.08342889926, 0.06429705835999999,
          0.04672924432, 0.032085481060000004, 0.020842653000000003, 0.01282133884,
          0.007474856, 0.00413189954, 0.00216716976, 0.00107898558, 0.00050968838,
          0.00022884002]
        - [0.01711099132, 0.0538172741, 0.086924151, 0.11131602554, 0.1243301835,
          0.12562157732, 0.11687559494, 0.10111958186, 0.08184754141999999, 0.06221764232,
          0.04453455704, 0.03007103982, 0.0191807376, 0.011567820480000001, 0.0066020174,
          0.0035668455799999998, 0.0018258303199999999, 0.00088571286, 0.00040725246,
          0.00017762314]
        - [0.0172502576, 0.054707591720000004, 0.0886796155, 0.11363988254, 0.1267053625,
          0.12750582974000002, 0.11787963758, 0.10110825514, 0.08094038894, 0.06070811218,
          0.04277261942, 0.02836161378, 0.01772391828, 0.01044930164, 0.0058173059,
          0.00305966828, 0.0015217345999999998, 0.00071586382, 0.00031862864, 0.00013441216]
        - [0.016793382, 0.054434135360000004, 0.0892797009, 0.11517375022000001, 0.1288057103,
          0.12959695602000001, 0.11942219374, 0.10178121562, 0.08070744181999999,
          0.05976846794, 0.04144343146, 0.02695720294, 0.016472195040000002, 0.009465782320000001,
          0.0051207215, 0.0026103676399999998, 0.0012548826, 0.00056943846, 0.00024381692,
          9.920708e-05]
        - [0.0163365064, 0.054160679, 0.0898797863, 0.1167076179, 0.1309060581, 0.1316880823,
          0.1209647499, 0.1024541761, 0.0804744947, 0.0588288237, 0.0401142435, 0.0255527921,
          0.0152204718, 0.008482263, 0.0044241371, 0.002161067, 0.0009880306, 0.0004230131,
          0.00016900520000000003, 6.4002e-05]
        - [0.0150643512, 0.05182018132, 0.0880061785, 0.11617178606, 0.13187731486,
          0.13374014194, 0.12336290697999999, 0.10449609286, 0.0817365979, 0.059238709699999996,
          0.03986588826, 0.02494976182, 0.01453673172, 0.00789178304, 0.00399529434,
          0.0018882455199999999, 0.0008332205199999998, 0.00034380866, 0.0001326034,
          4.840127999999999e-05]
        - [0.013792196, 0.04947968364, 0.08613257070000001, 0.11563595422, 0.13284857162000002,
          0.13579220158, 0.12576106405999998, 0.10653800962, 0.0829987011, 0.0596485957,
          0.03961753302, 0.02434673154, 0.01385299164, 0.00730130308, 0.00356645158,
          0.0016154240400000001, 0.0006784104399999999, 0.00026460422, 9.62016e-05,
          3.280056e-05]
        - [0.012453925579999999, 0.04636067124, 0.082566444, 0.11278015842, 0.13145295656,
          0.1360594108, 0.12739072724, 0.10892974052, 0.08551089988, 0.06180345368,
          0.04118803782, 0.0253282706, 0.014373154300000001, 0.0075250812, 0.00363343938,
          0.0016170175800000002, 0.00066220722, 0.00024960272, 8.700096e-05, 2.7800280000000004e-05]
        - [0.01104953994, 0.042463144120000004, 0.0773077984, 0.10760439866, 0.12769046968,
          0.1345417696, 0.12825189652, 0.11167128556, 0.08927319423999999, 0.06570328364,
          0.04457740266, 0.027894378999999997, 0.0160972197, 0.0085631174, 0.00419625774,
          0.00189302614, 0.0007846108599999999, 0.00029880415999999996, 0.00010500148,
          3.340044e-05]
        - [0.0096451543, 0.038565617, 0.0720491528, 0.1024286389, 0.1239279828, 0.1330241284,
          0.1291130658, 0.1144128306, 0.0930354886, 0.0696031136, 0.0479667675, 0.0304604874,
          0.0178212851, 0.0096011536, 0.0047590761, 0.0021690347, 0.0009070145, 0.0003480056,
          0.000123002, 3.90006e-05]
        - [0.008153599059999999, 0.033798649880000003, 0.06481166288, 0.09430786161999999,
          0.11679349932, 0.12848546724, 0.12804931564000002, 0.11676466364, 0.09793278815999999,
          0.07575059764, 0.05409959986, 0.03568267572, 0.02172846766, 0.012205782200000001,
          0.00631800146, 0.0030102977000000006, 0.0013174435000000001, 0.00052921776,
          0.00019500664000000005, 6.540224000000001e-05]
        - [0.006662043819999999, 0.029031682759999997, 0.057574172959999996, 0.08618708434,
          0.10965901583999998, 0.12394680608, 0.12698556548, 0.11911649668, 0.10283008772,
          0.08189808168000001, 0.06023243222, 0.04090486404, 0.02563565022, 0.014810410800000002,
          0.007876926820000001, 0.003851560700000001, 0.0017278725000000003, 0.0007104299200000001,
          0.00026701128000000007, 9.180388000000001e-05]
        - [0.005411261799999999, 0.024859814339999994, 0.051051910299999996, 0.07864848876,
          0.10277190798, 0.11924235722, 0.12541389838, 0.1207970991, 0.10709443674,
          0.08759347132, 0.06613819466000001, 0.04608457814000001, 0.029604335580000005,
          0.017506912480000004, 0.009513697980000003, 0.004742249120000002, 0.0021633140200000007,
          0.0009014475600000002, 0.0003422180600000001, 0.00011840624000000003]
        - [0.004401253000000001, 0.02128304462, 0.0452448749, 0.07169207488, 0.09613217574,
          0.11437212066, 0.12333431434, 0.1218064709, 0.11072583522, 0.09283676656,
          0.07181688718, 0.051221818020000004, 0.03363452374, 0.02029528724, 0.01122831494,
          0.0056823629599999995, 0.00262376806, 0.00110227068, 0.00042062697999999994,
          0.00014520932]
        - [0.0033912442, 0.0177062749, 0.0394378395, 0.064735661, 0.0894924435, 0.1095018841,
          0.1212547303, 0.1228158427, 0.1143572337, 0.0980800618, 0.0774955797, 0.0563590579,
          0.0376647119, 0.023083662, 0.0129429319, 0.0066224768, 0.0030842221, 0.0013030938,
          0.0004990359, 0.0001720124]
        - [0.0029552137199999997, 0.015981756059999998, 0.03645003718, 0.06096301148,
          0.08569220186, 0.10650930946, 0.1197406683, 0.12307791098, 0.11623421646,
          0.10103111644, 0.08081145274, 0.059405302820000006, 0.04005130118, 0.024702989440000003,
          0.01389900686, 0.0071121152, 0.0032994390200000003, 0.0013831001600000002,
          0.00052263782, 0.00017721284]
        - [0.00251918324, 0.014257237219999998, 0.033462234859999995, 0.05719036196,
          0.08189196022, 0.10351673482, 0.11822660630000001, 0.12333997926, 0.11811119922,
          0.10398217108, 0.08412732578, 0.06245154774, 0.04243789046, 0.026322316880000002,
          0.014855081820000001, 0.0076017536, 0.0035146559400000004, 0.0014631065200000001,
          0.00054623974, 0.00018241328]
        - [0.0022833693600000002, 0.01331338744, 0.03180735934, 0.0550728853, 0.07972211408,
          0.10176034938, 0.11727210066, 0.1233791543, 0.11908163597999999, 0.10560143629999999,
          0.08600338248, 0.0642181662, 0.043855855199999995, 0.027310227240000002,
          0.01545674746, 0.00792198818, 0.00366307198, 0.0015225130400000001, 0.00056624202,
          0.00018801396]
        - [0.00224777208, 0.01315020672, 0.03148541062, 0.0546105815, 0.07918266344,
          0.10124015314, 0.11687715138, 0.1231954361, 0.11914552674, 0.1058889121,
          0.08643962284, 0.0647051582, 0.0443051954, 0.02766672052, 0.01570400378,
          0.00807281894, 0.0037446871400000003, 0.0015613197200000002, 0.0005826446600000001,
          0.00019401488]
        - [0.0022121748, 0.012987026, 0.0311634619, 0.0541482777, 0.0786432128, 0.1007199569,
          0.1164822021, 0.1230117179, 0.1192094175, 0.1061763879, 0.0868758632, 0.0651921502,
          0.0447545356, 0.0280232138, 0.0159512601, 0.0082236497, 0.0038263023, 0.0016001264,
          0.0005990473, 0.0002000158]
        - [0.0023534495600000004, 0.013479817560000001, 0.031871934660000004, 0.05481531462,
          0.0789952128, 0.10056523294, 0.11578779294, 0.12192661562, 0.11801740581999999,
          0.10518728162, 0.08630993792, 0.06510895524, 0.04505848836, 0.02853278064,
          0.01648573106, 0.0086639157, 0.004129239900000001, 0.0017789913200000006,
          0.0006906751000000002, 0.0002412265600000001]
        - [0.0024947243200000003, 0.01397260912, 0.032580407420000006, 0.055482351539999995,
          0.07934721280000001, 0.10041050898, 0.11509338378, 0.12084151334, 0.11682539414,
          0.10419817534, 0.08574401263999999, 0.06502576028, 0.04536244112, 0.02904234748,
          0.01702020202, 0.0091041817, 0.0044321775, 0.0019578562400000003, 0.0007823029000000001,
          0.00028243732000000004]
        - [0.00267949006, 0.01457222696, 0.03338816798, 0.05617078178, 0.07959928406000001,
          0.1000296418, 0.11408327498000001, 0.11941718672, 0.11534366588, 0.10302671818,
          0.0851304037, 0.06502270155999999, 0.04584095142, 0.02977413238, 0.0177790137,
          0.009738180959999999, 0.0048817057799999996, 0.00223502206, 0.0009327799399999998,
          0.0003546700799999999]
        - [0.0029077467800000005, 0.015278671080000002, 0.034295216340000004, 0.05688060534,
          0.07975142658, 0.0994226314, 0.11275746654, 0.11765363576, 0.11357222103999999,
          0.10167291014, 0.08446911110000001, 0.06509977908, 0.04649401926, 0.030728135340000004,
          0.0187621661, 0.010565913480000001, 0.005477824740000001, 0.0026104887800000006,
          0.0011421062200000004, 0.0004579248400000002]
        - [0.0031360035, 0.0159851152, 0.0352022647, 0.0575904289, 0.0799035691, 0.098815621,
          0.1114316581, 0.1158900848, 0.1118007762, 0.1003191021, 0.0838078185, 0.0651768566,
          0.0471470871, 0.0316821383, 0.0197453185, 0.011393646, 0.0060739437, 0.0029859555,
          0.0013514325, 0.0005611796]
        - [0.0035221177800000007, 0.017079074520000005, 0.036550533020000005, 0.05865078274,
          0.08022283058, 0.0981609476, 0.10986108254, 0.11373469979999999, 0.10955493023999999,
          0.09847816717999999, 0.08271429966, 0.06493642988000001, 0.04763656962,
          0.0326346105, 0.020861620660000003, 0.012435077920000003, 0.006905381540000002,
          0.0035710004200000013, 0.001719588300000001, 0.0007702554800000005]
        - [0.003908232060000001, 0.018173033840000002, 0.03789880134, 0.05971113658,
          0.08054209206, 0.0975062742, 0.10829050698, 0.1115793148, 0.10730908428,
          0.09663723226, 0.08162078082, 0.06469600316, 0.04812605214, 0.0335870827,
          0.02197792282, 0.013476509840000001, 0.007736819380000001, 0.004156045340000001,
          0.0020877441000000004, 0.0009793313600000002]
        - [0.00437616716, 0.01943968572, 0.03945196928, 0.06098732974, 0.08108276464,
          0.09707398938, 0.10692673762, 0.10958226968000001, 0.1051321194, 0.09474461320000001,
          0.08035077124000001, 0.06418328024, 0.048301859, 0.03424333844, 0.02286091794,
          0.01436660322, 0.0084935555, 0.004722097979999999, 0.00246808886, 0.0012118418599999998]
        - [0.004925923080000001, 0.020879030160000003, 0.041210036840000006, 0.06247936222,
          0.08184484832, 0.09686409314000001, 0.10576977446, 0.10774356444000001,
          0.1030240356, 0.09280031, 0.07890427092, 0.06339826112, 0.0481639902, 0.034603377719999995,
          0.02351060602, 0.01510535806, 0.009175589900000001, 0.005269158340000001,
          0.002860622580000001, 0.0014677869800000004]
        - [0.005475679, 0.0223183746, 0.0429681044, 0.0639713947, 0.082606932, 0.0966541969,
          0.1046128113, 0.1059048592, 0.1009159518, 0.0908560068, 0.0774577706, 0.062613242,
          0.0480261214, 0.034963417, 0.0241602941, 0.0158441129, 0.0098576243, 0.0058162187,
          0.0032531563, 0.0017237321]
        - [0.005972728280000001, 0.023587614000000003, 0.044581688280000004, 0.06551014890000001,
          0.083728204, 0.09714443894000001, 0.1044177539, 0.10511963744, 0.09974157124,
          0.08953574791999999, 0.07621554932, 0.06160594044, 0.04732552236, 0.03456495228,
          0.0240062063, 0.0158546371, 0.009955776139999999, 0.005942988660000001,
          0.0033715046200000006, 0.0018173899000000003]
        - [0.006469777560000001, 0.0248568534, 0.04619527216, 0.0670489031, 0.084849476,
          0.09763468098, 0.1042226965, 0.10433441568, 0.09856719068, 0.08821548904,
          0.07497332804000001, 0.06059863888, 0.04662492332, 0.03416648756, 0.023852118500000002,
          0.0158651613, 0.010053927979999999, 0.00606975862, 0.0034898529400000005,
          0.0019110477000000002]
        - [0.00684137964, 0.025808425219999997, 0.04742031806, 0.06824484658, 0.08576341256,
          0.0981020975, 0.104190177, 0.10385470848, 0.09777223496, 0.08727339758,
          0.07404474354, 0.05980368104, 0.04602694054, 0.03377602842, 0.023640314040000002,
          0.01578392316, 0.01005295012, 0.0061075205, 0.00353822178, 0.0019546792]
        - [0.00708753452, 0.02644232946, 0.04825682598, 0.06909797934, 0.08647001368,
          0.09854668850000001, 0.1043201954, 0.10368051584, 0.09735670408, 0.08670947354,
          0.07342979582, 0.059221066919999996, 0.04553157402, 0.03339357486, 0.02337079292,
          0.01561092268, 0.00995284256, 0.0060562743, 0.00351661114, 0.0019482844000000001]
        - [0.0073336894, 0.0270762337, 0.0490933339, 0.0699511121, 0.0871766148, 0.0989912795,
          0.1044502138, 0.1035063232, 0.0969411732, 0.0861455495, 0.0728148481, 0.0586384528,
          0.0450362075, 0.0330111213, 0.0231012718, 0.0154379222, 0.009852735, 0.0060050281,
          0.0034950005, 0.0019418896]
        - [0.0072140363200000005, 0.02682261994, 0.0488365947, 0.06978792106000001,
          0.08716178651999999, 0.09913530454, 0.10472118944, 0.10384550288, 0.09727972423999999,
          0.08642333346, 0.0729940185, 0.058706661279999996, 0.04500622682, 0.03290966162,
          0.02296140772, 0.01528951108, 0.00971683328, 0.0058931046600000005, 0.0034109457,
          0.00188361624]
        - [0.007094383239999999, 0.02656900618, 0.0485798555, 0.06962473002000001,
          0.08714695823999999, 0.09927932958, 0.10499216507999999, 0.10418468256,
          0.09761827528, 0.08670111742, 0.07317318889999999, 0.05877486976, 0.04497624614,
          0.03280820194, 0.022821543639999997, 0.01514109996, 0.009580931559999999,
          0.00578118122, 0.0033268908999999998, 0.0018253428799999997]
        - [0.006960735599999999, 0.026256726339999998, 0.04821503042, 0.0693136083,
          0.08696507669999999, 0.09926185706, 0.10513285312, 0.10444342722, 0.09793589529999999,
          0.0870163487, 0.0734372922, 0.05895984516, 0.04507625088, 0.032834966279999996,
          0.022796183299999998, 0.01508672658, 0.009517260579999999, 0.0057217368,
          0.00327840838, 0.0017897710799999998]
        - [0.0068130934, 0.02588578042, 0.047742119459999996, 0.0688545559, 0.0866161419,
          0.09908288698, 0.10514325356, 0.10462173686, 0.0982325843, 0.0873690273,
          0.0737863284, 0.05926158748, 0.04530624104, 0.03298995464, 0.0228853267,
          0.01512639094, 0.00952582034, 0.0057147714, 0.00326549814, 0.00177690084]
        - [0.0066654512, 0.0255148345, 0.0472692085, 0.0683955035, 0.0862672071, 0.0989039169,
          0.105153654, 0.1048000465, 0.0985292733, 0.0877217059, 0.0741353646, 0.0595633298,
          0.0455362312, 0.033144943, 0.0229744701, 0.0151660553, 0.0095343801, 0.005707806,
          0.0032525879, 0.0017640306]
        - [0.00673166548, 0.02576298458, 0.04771101406, 0.06899056978, 0.0869365519,
          0.09954913246, 0.10567484824, 0.10512018302, 0.0986093009, 0.08756489394,
          0.07378405952, 0.05908372932, 0.0450027884, 0.032622785560000006, 0.022511841180000002,
          0.014789151260000001, 0.00924898654, 0.00550572608, 0.0031188593400000002,
          0.0016809284800000002]
        - [0.00679787976, 0.02601113466, 0.04815281962, 0.06958563606, 0.0876058967,
          0.10019434802, 0.10619604248, 0.10544031954000001, 0.09868932849999999,
          0.08740808198, 0.07343275444, 0.05860412884, 0.044469345599999995, 0.032100628119999995,
          0.02204921226, 0.014412247219999999, 0.008963592979999997, 0.00530364616,
          0.0029851307799999994, 0.0015978263599999998]
        - [0.007178212600000002, 0.027107363700000005, 0.049765752960000006, 0.07143465728000001,
          0.0893801007, 0.10161111884000001, 0.10705219932, 0.10564563014, 0.0982715964,
          0.08649183309999998, 0.07219914495999999, 0.057246293219999994, 0.043153789719999995,
          0.030943861959999996, 0.021112010019999995, 0.013706312379999997, 0.008466416879999997,
          0.004974949839999999, 0.002780687819999999, 0.0014780681999999996]
        - [0.007872664000000001, 0.029051671700000004, 0.05254981408000001, 0.07453763344,
          0.09225916390000001, 0.10379944492, 0.10824331876, 0.10573611481999999,
          0.09735610459999999, 0.08481614729999999, 0.07008323108, 0.055010222459999994,
          0.041056120759999995, 0.029152487079999997, 0.019700234459999997, 0.012671346739999999,
          0.007757458239999998, 0.0045196371199999995, 0.0025055304599999996, 0.0013216539999999998]
        - [0.0085671154, 0.0309959797, 0.0553338752, 0.0776406096, 0.0951382271, 0.105987771,
          0.1094344382, 0.1058265995, 0.0964406128, 0.0831404615, 0.0679673172, 0.0527741517,
          0.0389584518, 0.0273611122, 0.0182884589, 0.0116363811, 0.0070484996, 0.0040643244,
          0.0022303731, 0.0011652398]
        - [0.009913651639999998, 0.03457943397999999, 0.060294583119999995, 0.08297885515999999,
          0.09987368606, 0.10933821095999999, 0.11095236572, 0.10544785565999999,
          0.09443855432, 0.08001097546000001, 0.06428670724, 0.049067105820000005,
          0.035614092400000005, 0.024599894440000006, 0.01617789114, 0.010132333100000003,
          0.006044081680000001, 0.0034339331200000014, 0.0018581051000000006, 0.0009576837600000003]
        - [0.011260187880000007, 0.038162888260000014, 0.06525529104000002, 0.08831710072000003,
          0.10460914502000002, 0.11268865092000001, 0.11247029324, 0.10506911182,
          0.09243649584, 0.07688148941999998, 0.060606097279999986, 0.04536005993999998,
          0.03226973299999998, 0.021838676679999988, 0.01406732337999999, 0.008628285099999994,
          0.005039663759999995, 0.002803541839999997, 0.0014858370999999981, 0.000750127719999999]
        - [0.012674799800000004, 0.041905510500000014, 0.07040900876000002, 0.09380664538000003,
          0.10938753222000001, 0.11594446076, 0.11377231294000001, 0.10440595386,
          0.0901504247, 0.07352869199999998, 0.05679742015999999, 0.041625214059999985,
          0.02897895631999999, 0.019181425679999992, 0.012079170519999993, 0.007240399579999996,
          0.004131665679999998, 0.0022451286199999983, 0.0011621873399999991, 0.0005730911399999995]
        - [0.014157487400000002, 0.045807300700000005, 0.07575573628, 0.09944748914000001,
          0.11420884766, 0.11910564048000001, 0.11485842482, 0.10345838178, 0.0875803409,
          0.06995258319999999, 0.05286067587999999, 0.03786256817999999, 0.025741762359999996,
          0.016628141439999997, 0.010213432559999996, 0.005968676539999998, 0.0033200874399999985,
          0.0017586934599999992, 0.0008871558199999995, 0.0004265740199999998]
        maximum: 25.0
        minimum: 0.0
        units: m/s
      turbulence_intenstiy: {default: 0.075, description: turbulence intensity}
description: Wind resource conditions, modified from IEA37 WFLO case study 3 to have
  50 wind direction bins.
title: IEA Wind Task 37 Wind Plant Ontology version 0.1
