definitions:
  wind_inflow:
    description: inflow for current wind conditions
    properties:
      direction:
        bins: [0.0, 3.5999999999999996, 7.199999999999999, 10.799999999999999, 14.399999999999999,
          18.0, 21.599999999999998, 25.199999999999996, 28.799999999999997, 32.4,
          36.0, 39.599999999999994, 43.199999999999996, 46.8, 50.39999999999999, 53.99999999999999,
          57.599999999999994, 61.199999999999996, 64.8, 68.39999999999999, 72.0, 75.6,
          79.19999999999999, 82.8, 86.39999999999999, 89.99999999999999, 93.6, 97.19999999999999,
          100.79999999999998, 104.39999999999999, 107.99999999999999, 111.6, 115.19999999999999,
          118.79999999999998, 122.39999999999999, 125.99999999999999, 129.6, 133.2,
          136.79999999999998, 140.39999999999998, 144.0, 147.6, 151.2, 154.79999999999998,
          158.39999999999998, 161.99999999999997, 165.6, 169.2, 172.79999999999998,
          176.39999999999998, 179.99999999999997, 183.6, 187.2, 190.79999999999998,
          194.39999999999998, 197.99999999999997, 201.59999999999997, 205.2, 208.79999999999998,
          212.39999999999998, 215.99999999999997, 219.59999999999997, 223.2, 226.79999999999998,
          230.39999999999998, 233.99999999999997, 237.59999999999997, 241.2, 244.79999999999998,
          248.39999999999998, 251.99999999999997, 255.59999999999997, 259.2, 262.79999999999995,
          266.4, 270.0, 273.59999999999997, 277.2, 280.79999999999995, 284.4, 288.0,
          291.59999999999997, 295.2, 298.79999999999995, 302.4, 305.99999999999994,
          309.59999999999997, 313.2, 316.79999999999995, 320.4, 323.99999999999994,
          327.59999999999997, 331.2, 334.79999999999995, 338.4, 341.99999999999994,
          345.59999999999997, 349.2, 352.79999999999995, 356.4]
        description: The wind direction frequencies. Binned in degrees, with North
          as the 0.
        frequency: [0.006240624062406241, 0.006032603260326033, 0.005824582458245825,
          0.0056165616561656174, 0.005408540854085409, 0.005200520052005201, 0.005180518051805181,
          0.0051605160516051615, 0.00514051405140514, 0.005120512051205121, 0.005100510051005101,
          0.0050925092509250935, 0.005084508450845085, 0.005076507650765077, 0.005068506850685069,
          0.005060506050605061, 0.005236523652365237, 0.005412541254125412, 0.005588558855885589,
          0.005764576457645765, 0.0059405940594059415, 0.006340634063406341, 0.00674067406740674,
          0.007140714071407141, 0.0075407540754075415, 0.00794079407940794, 0.008376837683768377,
          0.008812881288128812, 0.009248924892489248, 0.009684968496849685, 0.01012101210121012,
          0.010137013701370138, 0.010153015301530155, 0.01016901690169017, 0.010185018501850187,
          0.010201020102010202, 0.009820982098209821, 0.009440944094409444, 0.009060906090609064,
          0.008680868086808685, 0.008300830083008302, 0.008296829682968299, 0.008292829282928295,
          0.00828882888288829, 0.008284828482848285, 0.008280828082808282, 0.008712871287128714,
          0.009144914491449146, 0.009576957695769576, 0.010009000900090008, 0.01044104410441044,
          0.010889088908890891, 0.011337133713371337, 0.011785178517851784, 0.012233223322332232,
          0.01268126812681268, 0.012969296929692967, 0.013257325732573258, 0.013545354535453545,
          0.013833383338333833, 0.01412141214121412, 0.014189418941894188, 0.014257425742574258,
          0.014325432543254328, 0.014393439343934394, 0.014461446144614464, 0.014357435743574362,
          0.014253425342534256, 0.01414941494149415, 0.014045404540454049, 0.013941394139413943,
          0.013825382538253828, 0.013709370937093712, 0.013593359335933596, 0.013477347734773479,
          0.013361336133613363, 0.013393339333933394, 0.013425342534253426, 0.013457345734573457,
          0.01348934893489349, 0.013521352135213521, 0.013525352535253526, 0.01352935293529353,
          0.013533353335333535, 0.013537353735373537, 0.013541354135413542, 0.013285328532853288,
          0.013029302930293031, 0.012773277327732778, 0.012517251725172521, 0.012261226122612268,
          0.011665166516651672, 0.011069106910691072, 0.010473047304730481, 0.00987698769876988,
          0.00928092809280929, 0.008672867286728678, 0.008064806480648067, 0.007456745674567465,
          0.0068486848684868535]
        maximum: 360.0
        minimum: 0.0
        units: deg
      speed:
        bins: [0.9, 1.98, 3.18, 4.4, 5.64, 6.87, 8.11, 9.35, 10.59, 11.83, 13.07,
          14.31, 15.56, 16.8, 18.04, 19.28, 20.52, 21.77, 23.01, 24.25]
        desctiption: wind speed frequency samples for each binned direction and wind
          speed
        frequency:
        - [0.015640175, 0.0497090909, 0.0811024638, 0.1050883329, 0.1190301631, 0.1222668202,
          0.1159445367, 0.1025108097, 0.0850102571, 0.0663764744, 0.0489239316, 0.0340999223,
          0.0225045684, 0.0140748572, 0.0083476946, 0.0046969535, 0.0025085092, 0.0012722583,
          0.0006121243, 0.0002800569]
        - [0.01600787908, 0.050736136700000004, 0.08255788559999999, 0.10664525606,
          0.1203551682, 0.12310550948, 0.11617730126, 0.10216300274, 0.08421957818,
          0.06533676638, 0.04782658796, 0.03309270168, 0.021673610700000002, 0.01344809802,
          0.007911275300000001, 0.00441442652, 0.00233783948, 0.0011756219399999999,
          0.0005609063400000001, 0.00025444846]
        - [0.01637558316, 0.051763182500000005, 0.0840133074, 0.10820217922, 0.1216801733,
          0.12394419876, 0.11641006582, 0.10181519577999999, 0.08342889926, 0.06429705835999999,
          0.04672924432, 0.032085481060000004, 0.020842653000000003, 0.012821338840000002,
          0.007474856, 0.00413189954, 0.00216716976, 0.00107898558, 0.00050968838,
          0.00022884002000000004]
        - [0.01674328724, 0.0527902283, 0.0854687292, 0.10975910238, 0.1230051784,
          0.12478288804000001, 0.11664283037999999, 0.10146738882, 0.08263822034,
          0.06325735034, 0.04563190068, 0.03107826044, 0.0200116953, 0.012194579660000001,
          0.0070384367, 0.0038493725599999997, 0.00199650004, 0.00098234922, 0.00045847042,
          0.00020323158000000002]
        - [0.01711099132, 0.0538172741, 0.086924151, 0.11131602554, 0.1243301835,
          0.12562157732, 0.11687559494, 0.10111958186, 0.08184754141999999, 0.06221764232,
          0.04453455704, 0.03007103982, 0.0191807376, 0.011567820480000001, 0.0066020174,
          0.00356684558, 0.00182583032, 0.0008857128600000001, 0.00040725246, 0.00017762314000000003]
        - [0.0174786954, 0.0548443199, 0.0883795728, 0.1128729487, 0.1256551886, 0.1264602666,
          0.1171083595, 0.1007717749, 0.0810568625, 0.0611779343, 0.0434372134, 0.0290638192,
          0.0183497799, 0.0109410613, 0.0061655981, 0.0032843186, 0.0016551606, 0.0007890765,
          0.0003560345, 0.0001520147]
        - [0.0172502576, 0.054707591720000004, 0.0886796155, 0.11363988254, 0.1267053625,
          0.12750582974000002, 0.11787963758, 0.10110825514, 0.08094038894, 0.06070811218,
          0.04277261942, 0.02836161378, 0.01772391828, 0.01044930164, 0.0058173059,
          0.00305966828, 0.0015217346, 0.00071586382, 0.00031862864, 0.00013441216000000002]
        - [0.0170218198, 0.05457086354, 0.0889796582, 0.11440681638, 0.1277555364,
          0.12855139288, 0.11865091566, 0.10144473538, 0.08082391538, 0.06023829006,
          0.04210802544, 0.027659408360000002, 0.017098056660000003, 0.009957541980000002,
          0.005469013700000001, 0.00283501796, 0.0013883086000000002, 0.0006426511400000001,
          0.00028122278000000005, 0.00011680962000000003]
        - [0.016793382, 0.054434135360000004, 0.0892797009, 0.11517375022000001, 0.1288057103,
          0.12959695602000001, 0.11942219374, 0.10178121562, 0.08070744181999999,
          0.05976846794, 0.04144343146, 0.02695720294, 0.016472195040000002, 0.009465782320000001,
          0.0051207215000000006, 0.00261036764, 0.0012548826, 0.0005694384600000001,
          0.00024381692000000004, 9.920708000000002e-05]
        - [0.0165649442, 0.05429740718, 0.0895797436, 0.11594068406000001, 0.1298558842,
          0.13064251916, 0.12019347182, 0.10211769586, 0.08059096825999999, 0.059298645819999996,
          0.04077883748, 0.02625499752, 0.01584633342, 0.00897402266, 0.0047724293000000004,
          0.00238571732, 0.0011214566, 0.00049622578, 0.00020641106000000002, 8.160454000000001e-05]
        - [0.0163365064, 0.054160679, 0.0898797863, 0.1167076179, 0.1309060581, 0.1316880823,
          0.1209647499, 0.1024541761, 0.0804744947, 0.0588288237, 0.0401142435, 0.0255527921,
          0.0152204718, 0.008482263, 0.0044241371, 0.002161067, 0.0009880306, 0.0004230131,
          0.00016900520000000003, 6.4002e-05]
        - [0.0157004288, 0.052990430160000004, 0.08894298240000001, 0.11643970198,
          0.13139168648, 0.13271411212, 0.12216382844, 0.10347513448, 0.0811055463,
          0.0590337667, 0.03999006588, 0.02525127696, 0.01487860176, 0.008187023020000002,
          0.004209715720000001, 0.0020246562600000004, 0.0009106255600000001, 0.00038341088000000005,
          0.00015080430000000004, 5.620164000000002e-05]
        - [0.0150643512, 0.051820181320000006, 0.0880061785, 0.11617178606, 0.13187731486,
          0.13374014194, 0.12336290697999999, 0.10449609286, 0.0817365979, 0.059238709699999996,
          0.03986588826, 0.02494976182, 0.01453673172, 0.007891783040000001, 0.00399529434,
          0.0018882455200000003, 0.0008332205200000001, 0.00034380866000000004, 0.00013260340000000002,
          4.8401280000000006e-05]
        - [0.0144282736, 0.05064993248000001, 0.0870693746, 0.11590387014, 0.13236294324,
          0.13476617176, 0.12456198552, 0.10551705124, 0.0823676495, 0.0594436527,
          0.03974171064, 0.02464824668, 0.01419486168, 0.0075965430600000005, 0.0037808729600000003,
          0.0017518347800000002, 0.00075581548, 0.00030420644000000004, 0.0001144025,
          4.060092000000001e-05]
        - [0.013792196000000001, 0.04947968364000001, 0.08613257070000001, 0.11563595422,
          0.13284857162000002, 0.13579220158, 0.12576106405999998, 0.10653800962,
          0.0829987011, 0.0596485957, 0.03961753302, 0.02434673154, 0.013852991640000001,
          0.007301303080000001, 0.0035664515800000003, 0.0016154240400000003, 0.0006784104400000001,
          0.0002646042200000001, 9.620160000000004e-05, 3.2800560000000017e-05]
        - [0.013156118400000002, 0.0483094348, 0.0851957668, 0.1153680383, 0.1333342,
          0.1368182314, 0.1269601426, 0.107558968, 0.0836297527, 0.0598535387, 0.0394933554,
          0.0240452164, 0.0135111216, 0.007006063100000001, 0.0033520302000000003,
          0.0014790133000000003, 0.0006010054000000001, 0.00022500200000000005, 7.800070000000002e-05,
          2.500020000000002e-05]
        - [0.01245392558, 0.046360671240000005, 0.082566444, 0.11278015842, 0.13145295656000003,
          0.1360594108, 0.12739072724, 0.10892974052, 0.08551089988, 0.061803453679999995,
          0.041188037819999995, 0.025328270599999998, 0.0143731543, 0.0075250811999999995,
          0.0036334393799999994, 0.0016170175799999997, 0.0006622072199999999, 0.00024960271999999997,
          8.700095999999999e-05, 2.7800279999999997e-05]
        - [0.011751732760000001, 0.04441190768000001, 0.0799371212, 0.11019227854000001,
          0.12957171312000001, 0.1353005902, 0.12782131188, 0.11030051304, 0.08739204705999999,
          0.06375336866, 0.04288272024, 0.0266113248, 0.015235186999999999, 0.0080440993,
          0.00391484856, 0.0017550218599999999, 0.0007234090399999999, 0.00027420343999999997,
          9.600121999999999e-05, 3.0600359999999996e-05]
        - [0.01104953994, 0.042463144120000004, 0.0773077984, 0.10760439866, 0.12769046968,
          0.1345417696, 0.12825189652, 0.11167128556, 0.08927319423999999, 0.06570328364,
          0.04457740266, 0.027894378999999997, 0.0160972197, 0.0085631174, 0.00419625774,
          0.00189302614, 0.0007846108599999999, 0.00029880415999999996, 0.00010500148,
          3.340044e-05]
        - [0.010347347120000001, 0.04051438056000001, 0.07467847560000002, 0.10501651878,
          0.12580922624000002, 0.13378294899999998, 0.12868248116, 0.11304205808,
          0.09115434141999999, 0.06765319862, 0.04627208508, 0.0291774332, 0.0169592524,
          0.0090821355, 0.004477666919999999, 0.0020310304199999997, 0.0008458126799999998,
          0.00032340487999999996, 0.00011400173999999999, 3.6200519999999995e-05]
        - [0.0096451543, 0.038565617, 0.0720491528, 0.1024286389, 0.1239279828, 0.1330241284,
          0.1291130658, 0.1144128306, 0.0930354886, 0.0696031136, 0.0479667675, 0.0304604874,
          0.0178212851, 0.0096011536, 0.0047590761, 0.0021690347, 0.0009070145, 0.0003480056,
          0.000123002, 3.90006e-05]
        - [0.008899376680000001, 0.03618213344000001, 0.06843040784000001, 0.09836825026,
          0.12036074106000001, 0.13075479782, 0.12858119072000002, 0.11558874712,
          0.09548413837999999, 0.07267685562, 0.05103318368, 0.033071581559999993,
          0.019774876379999997, 0.010903467899999998, 0.005538538779999999, 0.0025896661999999992,
          0.0011122289999999997, 0.0004386116799999999, 0.00015900431999999997, 5.220141999999998e-05]
        - [0.008153599060000002, 0.03379864988000001, 0.06481166288000001, 0.09430786162000002,
          0.11679349932000001, 0.12848546724, 0.12804931564000002, 0.11676466364,
          0.09793278815999999, 0.07575059764, 0.054099599859999986, 0.035682675719999994,
          0.021728467659999993, 0.012205782199999996, 0.0063180014599999975, 0.003010297699999999,
          0.0013174434999999995, 0.0005292177599999997, 0.0001950066399999999, 6.540223999999996e-05]
        - [0.00740782144, 0.03141516632000001, 0.061192917920000006, 0.09024747298000001,
          0.11322625758, 0.12621613666, 0.12751744056, 0.11794058016, 0.10038143794,
          0.07882433966, 0.057166016039999996, 0.03829376988, 0.02368205894, 0.013508096499999999,
          0.007097464139999999, 0.0034309292, 0.0015226579999999999, 0.0006198238399999999,
          0.00023100895999999998, 7.860305999999998e-05]
        - [0.006662043820000001, 0.029031682760000007, 0.05757417296000001, 0.08618708434000001,
          0.10965901584000001, 0.12394680608000001, 0.12698556548, 0.11911649668,
          0.10283008771999999, 0.08189808168, 0.06023243221999999, 0.040904864039999995,
          0.025635650219999993, 0.014810410799999996, 0.007876926819999998, 0.0038515606999999993,
          0.0017278724999999994, 0.0007104299199999997, 0.0002670112799999999, 9.180387999999997e-05]
        - [0.0059162662000000026, 0.026648199200000007, 0.053955428000000014, 0.08212669570000002,
          0.10609177410000001, 0.12167747550000002, 0.1264536904, 0.1202924132, 0.10527873749999998,
          0.08497182369999999, 0.06329884839999998, 0.043515958199999996, 0.027589241499999993,
          0.016112725099999996, 0.008656389499999997, 0.0042721921999999985, 0.0019330869999999991,
          0.0008010359999999995, 0.00030301359999999986, 0.00010500469999999994]
        - [0.005411261800000001, 0.02485981434, 0.0510519103, 0.07864848876000001,
          0.10277190798000001, 0.11924235722000001, 0.12541389838, 0.1207970991, 0.10709443673999999,
          0.08759347132, 0.06613819466, 0.04608457814, 0.02960433558, 0.017506912479999998,
          0.00951369798, 0.004742249119999999, 0.00216331402, 0.0009014475599999998,
          0.00034221805999999996, 0.00011840623999999998]
        - [0.004906257400000002, 0.023071429480000006, 0.048148392600000006, 0.07517028182000002,
          0.09945204186, 0.11680723894000002, 0.12437410636000001, 0.121301785, 0.10891013597999999,
          0.09021511893999999, 0.06897754091999998, 0.048653198079999994, 0.03161942966,
          0.018901099859999996, 0.010371006459999997, 0.005212306039999999, 0.0023935410399999993,
          0.0010018591199999996, 0.0003814225199999999, 0.00013180777999999995]
        - [0.0044012530000000025, 0.021283044620000007, 0.045244874900000016, 0.07169207488000001,
          0.09613217574000002, 0.11437212066000002, 0.12333431434000001, 0.12180647089999999,
          0.11072583522, 0.09283676655999999, 0.07181688717999998, 0.05122181801999999,
          0.03363452373999999, 0.020295287239999994, 0.011228314939999996, 0.005682362959999998,
          0.002623768059999999, 0.0011022706799999995, 0.0004206269799999998, 0.00014520931999999995]
        - [0.0038962486000000012, 0.019494659760000005, 0.042341357200000006, 0.06821386794,
          0.09281230962, 0.11193700238000001, 0.12229452232, 0.1223111568, 0.11254153446,
          0.09545841418, 0.07465623344, 0.05379043795999999, 0.03564961781999999,
          0.021689474619999996, 0.012085623419999997, 0.006152419879999999, 0.0028539950799999995,
          0.0012026822399999997, 0.0004598314399999999, 0.00015861085999999998]
        - [0.003391244200000002, 0.017706274900000006, 0.039437839500000016, 0.06473566100000001,
          0.08949244350000002, 0.10950188410000002, 0.1212547303, 0.1228158427, 0.1143572337,
          0.09808006179999999, 0.07749557969999998, 0.056359057899999995, 0.037664711899999995,
          0.023083661999999998, 0.012942931899999996, 0.006622476799999998, 0.0030842220999999993,
          0.0013030937999999998, 0.0004990358999999998, 0.00017201239999999995]
        - [0.0031732289600000002, 0.016844015480000002, 0.037943938340000004, 0.06284933624,
          0.08759232268, 0.10800559678, 0.1204976993, 0.12294687684, 0.11529572508,
          0.09955558912, 0.07915351622, 0.05788218036, 0.03885800654, 0.02389332572,
          0.013420969379999998, 0.006867295999999999, 0.00319183056, 0.00134309698,
          0.00051083686, 0.00017461262]
        - [0.0029552137200000005, 0.01598175606, 0.036450037180000006, 0.06096301148000001,
          0.08569220186000001, 0.10650930946, 0.1197406683, 0.12307791098, 0.11623421646,
          0.10103111644, 0.08081145274, 0.05940530282, 0.04005130118, 0.02470298944,
          0.013899006859999999, 0.007112115199999999, 0.00329943902, 0.00138310016,
          0.0005226378199999999, 0.00017721284]
        - [0.0027371984800000013, 0.015119496640000004, 0.03495613602000001, 0.05907668672000001,
          0.08379208104000001, 0.10501302214000001, 0.1189836373, 0.12320894512, 0.11717270784,
          0.10250664375999999, 0.08246938925999998, 0.06092842528, 0.04124459581999999,
          0.025512653159999996, 0.014377044339999997, 0.007356934399999998, 0.0034070474799999997,
          0.00142310334, 0.00053443878, 0.00017981306]
        - [0.0025191832400000007, 0.014257237220000002, 0.03346223486, 0.057190361960000005,
          0.08189196022, 0.10351673482, 0.11822660630000001, 0.12333997926, 0.11811119921999999,
          0.10398217107999999, 0.08412732578, 0.062451547739999995, 0.042437890459999995,
          0.02632231688, 0.014855081819999998, 0.0076017535999999995, 0.00351465594,
          0.00146310652, 0.00054623974, 0.00018241328]
        - [0.002301168000000001, 0.013394977800000003, 0.031968333700000004, 0.05530403720000001,
          0.07999183940000001, 0.1020204475, 0.1174695753, 0.1234710134, 0.1190496906,
          0.1054576984, 0.0857852623, 0.0639746702, 0.04363118509999999, 0.027131980599999998,
          0.015333119299999998, 0.007846572799999998, 0.0036222643999999997, 0.0015031096999999999,
          0.0005580407, 0.0001850135]
        - [0.0022833693600000002, 0.01331338744, 0.03180735934, 0.0550728853, 0.07972211408,
          0.10176034938, 0.11727210066, 0.1233791543, 0.11908163597999999, 0.10560143629999999,
          0.08600338248, 0.0642181662, 0.043855855199999995, 0.027310227240000002,
          0.01545674746, 0.00792198818, 0.00366307198, 0.0015225130400000001, 0.00056624202,
          0.00018801396]
        - [0.0022655707200000003, 0.01323179708, 0.03164638498, 0.0548417334, 0.07945238876,
          0.10150025126000001, 0.11707462602, 0.1232872952, 0.11911358136, 0.1057451742,
          0.08622150266, 0.0644616622, 0.0440805253, 0.02748847388, 0.01558037562,
          0.00799740356, 0.0037038795599999997, 0.00154191638, 0.0005744433399999999,
          0.00019101441999999999]
        - [0.0022477720800000004, 0.01315020672, 0.03148541062, 0.0546105815, 0.07918266344,
          0.10124015314, 0.11687715138, 0.1231954361, 0.11914552674, 0.1058889121,
          0.08643962284, 0.0647051582, 0.0443051954, 0.02766672052, 0.01570400378,
          0.00807281894, 0.00374468714, 0.00156131972, 0.00058264466, 0.00019401487999999998]
        - [0.00222997344, 0.01306861636, 0.031324436260000005, 0.0543794296, 0.07891293812,
          0.10098005502, 0.11667967674, 0.12310357699999999, 0.11917747212, 0.10603265,
          0.08665774302, 0.0649486542, 0.044529865499999995, 0.027844967159999998,
          0.01582763194, 0.00814823432, 0.0037854947199999997, 0.00158072306, 0.00059084598,
          0.00019701533999999998]
        - [0.0022121748, 0.012987026, 0.0311634619, 0.0541482777, 0.0786432128, 0.1007199569,
          0.1164822021, 0.1230117179, 0.1192094175, 0.1061763879, 0.0868758632, 0.0651921502,
          0.0447545356, 0.0280232138, 0.0159512601, 0.0082236497, 0.0038263023, 0.0016001264,
          0.0005990473, 0.0002000158]
        - [0.00228281218, 0.01323342178, 0.03151769828, 0.05448179616, 0.0788192128,
          0.10064259492000001, 0.11613499752, 0.12246916676, 0.11861341166, 0.10568183476,
          0.08659290056, 0.06515055272, 0.04490651198, 0.028277997219999997, 0.01621849558,
          0.0084437827, 0.003977771099999999, 0.00168955886, 0.0006448611999999999,
          0.00022062117999999999]
        - [0.00235344956, 0.01347981756, 0.031871934660000004, 0.05481531461999999,
          0.0789952128, 0.10056523294, 0.11578779294000001, 0.12192661562, 0.11801740582,
          0.10518728162, 0.08630993792, 0.06510895524, 0.04505848836, 0.028532780639999998,
          0.016485731059999998, 0.008663915699999998, 0.0041292399, 0.0017789913199999998,
          0.0006906750999999999, 0.00024122655999999994]
        - [0.00242408694, 0.01372621334, 0.03222617104, 0.055148833079999994, 0.0791712128,
          0.10048787096, 0.11544058836000001, 0.12138406448, 0.11742139998000001,
          0.10469272848, 0.08602697528, 0.06506735776, 0.04521046474, 0.028787564059999996,
          0.016752966539999997, 0.0088840487, 0.004280708699999999, 0.0018684237799999996,
          0.0007364889999999998, 0.0002618319399999999]
        - [0.00249472432, 0.013972609119999998, 0.03258040742, 0.055482351539999995,
          0.07934721280000001, 0.10041050898, 0.11509338378, 0.12084151334, 0.11682539414,
          0.10419817534, 0.08574401264, 0.06502576028, 0.04536244112, 0.029042347479999998,
          0.017020202019999996, 0.009104181699999998, 0.004432177499999999, 0.0019578562399999995,
          0.0007823028999999998, 0.0002824373199999999]
        - [0.0025653616999999997, 0.014219004899999999, 0.0329346438, 0.05581587,
          0.0795232128, 0.100333147, 0.1147461792, 0.1202989622, 0.1162293883, 0.1037036222,
          0.08546105, 0.0649841628, 0.0455144175, 0.029297130899999996, 0.017287437499999996,
          0.009324314699999997, 0.004583646299999999, 0.0020472886999999993, 0.0008281167999999997,
          0.00030304269999999986]
        - [0.00267949006, 0.01457222696, 0.03338816798, 0.05617078178, 0.07959928406000001,
          0.1000296418, 0.11408327498000001, 0.11941718672, 0.11534366588, 0.10302671818,
          0.0851304037, 0.06502270155999999, 0.04584095142, 0.02977413238, 0.0177790137,
          0.009738180959999999, 0.0048817057799999996, 0.00223502206, 0.0009327799399999998,
          0.0003546700799999999]
        - [0.0027936184199999995, 0.014925449019999999, 0.03384169216, 0.05652569355999999,
          0.07967535532, 0.0997261366, 0.11342037076, 0.11853541124, 0.11445794346,
          0.10234981416, 0.0847997574, 0.06506124031999999, 0.04616748534, 0.030251133859999998,
          0.0182705899, 0.010152047219999998, 0.005179765259999999, 0.0024227554199999996,
          0.0010374430799999998, 0.0004062974599999998]
        - [0.0029077467799999996, 0.015278671079999999, 0.03429521634, 0.056880605339999994,
          0.07975142658, 0.0994226314, 0.11275746654, 0.11765363576, 0.11357222104,
          0.10167291014, 0.08446911110000001, 0.06509977908, 0.04649401926, 0.03072813534,
          0.018762166099999998, 0.010565913479999998, 0.005477824739999999, 0.0026104887799999993,
          0.0011421062199999995, 0.00045792483999999975]
        - [0.0030218751399999993, 0.01563189314, 0.034748740519999995, 0.057235517119999996,
          0.07982749784, 0.0991191262, 0.11209456232000001, 0.11677186028, 0.11268649862,
          0.10099600612000001, 0.0841384648, 0.06513831784, 0.046820553179999995,
          0.03120513682, 0.019253742299999998, 0.010979779739999997, 0.005775884219999998,
          0.002798222139999999, 0.0012467693599999994, 0.0005095522199999997]
        - [0.003136003499999999, 0.015985115199999997, 0.0352022647, 0.0575904289,
          0.0799035691, 0.098815621, 0.1114316581, 0.11589008480000001, 0.11180077620000001,
          0.1003191021, 0.0838078185, 0.0651768566, 0.0471470871, 0.031682138299999996,
          0.019745318499999998, 0.011393645999999997, 0.006073943699999997, 0.002985955499999998,
          0.0013514324999999994, 0.0005611795999999995]
        - [0.0033290606399999996, 0.01653209486, 0.03587639886, 0.05812060582, 0.08006319984,
          0.0984882843, 0.11064637031999999, 0.11481239230000001, 0.11067785322, 0.09939863464000001,
          0.08326105908, 0.06505664324, 0.04739182836, 0.0321583744, 0.02030346958,
          0.01191436196, 0.0064896626199999995, 0.0032784779599999993, 0.0015355103999999998,
          0.0006657175399999998]
        - [0.0035221177799999994, 0.017079074519999998, 0.03655053302, 0.05865078274,
          0.08022283058, 0.0981609476, 0.10986108254, 0.1137346998, 0.10955493024,
          0.09847816718, 0.08271429966, 0.06493642988000001, 0.04763656962, 0.0326346105,
          0.020861620659999996, 0.012435077919999999, 0.006905381539999998, 0.003571000419999999,
          0.0017195882999999994, 0.0007702554799999997]
        - [0.0037151749199999993, 0.017626054179999996, 0.03722466718, 0.05918095966,
          0.08038246132, 0.0978336109, 0.10907579476, 0.11265700730000001, 0.10843200726,
          0.09755769972, 0.08216754024, 0.06481621652, 0.04788131088, 0.0331108466,
          0.021419771739999996, 0.012955793879999998, 0.007321100459999998, 0.0038635228799999985,
          0.0019036661999999992, 0.0008747934199999994]
        - [0.003908232059999999, 0.01817303384, 0.037898801339999996, 0.05971113657999999,
          0.08054209206, 0.0975062742, 0.10829050698, 0.11157931480000001, 0.10730908428000001,
          0.09663723226000001, 0.08162078082, 0.06469600316, 0.04812605214, 0.0335870827,
          0.021977922819999995, 0.013476509839999998, 0.007736819379999997, 0.004156045339999998,
          0.002087744099999999, 0.0009793313599999994]
        - [0.0041012891999999985, 0.018720013499999997, 0.038572935499999995, 0.06024131349999999,
          0.0807017228, 0.0971789375, 0.1075052192, 0.11050162230000002, 0.10618616130000001,
          0.09571676480000002, 0.0810740214, 0.0645757898, 0.0483707934, 0.03406331879999999,
          0.022536073899999995, 0.013997225799999995, 0.008152538299999996, 0.004448567799999997,
          0.002271821999999999, 0.0010838692999999991]
        - [0.004376167159999998, 0.019439685719999992, 0.03945196927999999, 0.06098732973999999,
          0.08108276464, 0.09707398938, 0.10692673762, 0.10958226968000001, 0.10513211940000002,
          0.09474461320000001, 0.08035077124000001, 0.06418328024, 0.048301859, 0.03424333844,
          0.022860917939999996, 0.014366603219999996, 0.008493555499999996, 0.004722097979999998,
          0.0024680888599999985, 0.0012118418599999987]
        - [0.004651045119999999, 0.020159357939999997, 0.040331003059999995, 0.06173334598,
          0.08146380648, 0.09696904126, 0.10634825604, 0.10866291706, 0.1040780775,
          0.09377246160000001, 0.07962752108, 0.06379077068, 0.048232924600000004,
          0.03442335808, 0.023185761979999997, 0.014735980639999998, 0.008834572699999998,
          0.00499562816, 0.0026643557199999995, 0.0013398144199999996]
        - [0.004925923079999998, 0.020879030159999996, 0.04121003684, 0.06247936222,
          0.08184484832, 0.09686409314000001, 0.10576977446000001, 0.10774356444000001,
          0.10302403560000001, 0.09280031000000001, 0.07890427092, 0.06339826112000001,
          0.0481639902, 0.034603377719999995, 0.023510606019999998, 0.015105358059999997,
          0.009175589899999998, 0.005269158339999999, 0.002860622579999999, 0.0014677869799999993]
        - [0.005200801039999998, 0.021598702379999994, 0.042089070619999995, 0.06322537846,
          0.08222589016, 0.09675914502, 0.10519129288, 0.10682421182000001, 0.10196999370000001,
          0.09182815840000001, 0.07818102076000001, 0.06300575156, 0.0480950558, 0.034783397359999996,
          0.02383545006, 0.015474735479999996, 0.009516607099999998, 0.005542688519999998,
          0.003056889439999999, 0.0015957595399999991]
        - [0.005475678999999997, 0.022318374599999993, 0.04296810439999999, 0.0639713947,
          0.082606932, 0.0966541969, 0.1046128113, 0.1059048592, 0.10091595180000001,
          0.09085600680000001, 0.0774577706, 0.062613242, 0.0480261214, 0.034963417,
          0.024160294099999997, 0.015844112899999995, 0.009857624299999996, 0.005816218699999999,
          0.003253156299999999, 0.0017237320999999991]
        - [0.005724203639999997, 0.022952994299999994, 0.043774896339999994, 0.0647407718,
          0.08316756799999998, 0.09689931792, 0.1045152826, 0.10551224832, 0.10032876152,
          0.09019587736000001, 0.07683665996000001, 0.06210959122, 0.047675821880000004,
          0.03476418464, 0.0240832502, 0.015849375, 0.009906700219999998, 0.00587960368,
          0.0033123304599999995, 0.0017705609999999995]
        - [0.005972728279999999, 0.023587613999999996, 0.04458168828, 0.0655101489,
          0.08372820399999999, 0.09714443894000001, 0.1044177539, 0.10511963744, 0.09974157124000001,
          0.08953574792, 0.07621554932, 0.06160594044, 0.047325522360000004, 0.03456495228,
          0.0240062063, 0.0158546371, 0.009955776139999999, 0.00594298866, 0.00337150462,
          0.0018173898999999999]
        - [0.006221252919999999, 0.024222233699999995, 0.04538848021999999, 0.06627952599999999,
          0.08428883999999999, 0.09738955996, 0.1043202252, 0.10472702656, 0.09915438096000001,
          0.08887561848, 0.07559443868, 0.06110228966, 0.046975222840000004, 0.034365719919999996,
          0.023929162400000002, 0.0158598992, 0.01000485206, 0.00600637364, 0.00343067878,
          0.0018642187999999998]
        - [0.006469777559999998, 0.024856853399999993, 0.046195272159999995, 0.06704890309999999,
          0.084849476, 0.09763468098, 0.1042226965, 0.10433441568, 0.09856719068,
          0.08821548904, 0.07497332804000001, 0.06059863888000001, 0.046624923320000004,
          0.03416648756, 0.023852118500000002, 0.0158651613, 0.010053927979999999,
          0.00606975862, 0.0034898529399999996, 0.0019110476999999997]
        - [0.006718302199999998, 0.025491473099999995, 0.04700206409999999, 0.0678182802,
          0.085410112, 0.097879802, 0.1041251678, 0.1039418048, 0.0979800004, 0.0875553596,
          0.0743522174, 0.06009498810000001, 0.0462746238, 0.0339672552, 0.0237750746,
          0.0158704234, 0.0101030039, 0.006133143599999999, 0.0035490270999999998,
          0.0019578765999999997]
        - [0.006841379639999999, 0.025808425219999997, 0.047420318059999994, 0.06824484657999999,
          0.08576341255999999, 0.0981020975, 0.104190177, 0.10385470848, 0.09777223496000001,
          0.08727339758, 0.07404474354, 0.05980368104000001, 0.04602694054, 0.03377602842,
          0.023640314040000002, 0.01578392316, 0.01005295012, 0.006107520500000001,
          0.00353822178, 0.0019546792]
        - [0.00696445708, 0.02612537734, 0.04783857202, 0.06867141296, 0.08611671312,
          0.098324393, 0.1042551862, 0.10376761216, 0.09756446952, 0.08699143556,
          0.07373726968, 0.059512373980000005, 0.04577925728, 0.03358480164, 0.02350555348,
          0.01569742292, 0.01000289634, 0.0060818974, 0.00352741646, 0.0019514818]
        - [0.007087534519999999, 0.026442329459999997, 0.04825682598, 0.06909797934,
          0.08647001368, 0.09854668850000001, 0.1043201954, 0.10368051584, 0.09735670408,
          0.08670947354, 0.07342979582, 0.05922106692, 0.04553157402, 0.033393574860000004,
          0.02337079292, 0.01561092268, 0.00995284256, 0.0060562743, 0.00351661114,
          0.0019482844000000001]
        - [0.007210611959999999, 0.02675928158, 0.04867507994, 0.06952454572, 0.08682331423999999,
          0.098768984, 0.1043852046, 0.10359341952, 0.09714893864, 0.08642751152,
          0.07312232196, 0.05892975986, 0.04528389076, 0.03320234808, 0.023236032360000002,
          0.015524422440000001, 0.00990278878, 0.006030651200000001, 0.00350580582,
          0.001945087]
        - [0.007333689399999999, 0.027076233699999997, 0.0490933339, 0.0699511121,
          0.0871766148, 0.0989912795, 0.1044502138, 0.1035063232, 0.0969411732, 0.0861455495,
          0.0728148481, 0.0586384528, 0.0450362075, 0.0330111213, 0.0231012718, 0.0154379222,
          0.009852735, 0.0060050281, 0.0034950005, 0.0019418896]
        - [0.007273862860000001, 0.02694942682, 0.048964964300000004, 0.06986951658,
          0.08716920066, 0.09906329202, 0.10458570162, 0.10367591304, 0.09711044871999999,
          0.08628444148, 0.0729044333, 0.05867255704, 0.04502121716, 0.03296039146,
          0.023031339760000002, 0.01536371664, 0.00978478414, 0.0059490663800000005,
          0.0034529731000000003, 0.0019127529200000002]
        - [0.0072140363200000005, 0.02682261994, 0.0488365947, 0.06978792106000001,
          0.08716178651999999, 0.09913530454, 0.10472118944, 0.10384550288, 0.09727972423999999,
          0.08642333346, 0.0729940185, 0.058706661279999996, 0.04500622682, 0.03290966162,
          0.02296140772, 0.01528951108, 0.00971683328, 0.0058931046600000005, 0.0034109457,
          0.00188361624]
        - [0.00715420978, 0.02669581306, 0.0487082251, 0.06970632554, 0.08715437238,
          0.09920731706000001, 0.10485667725999999, 0.10401509272, 0.09744899975999999,
          0.08656222544, 0.0730836037, 0.05874076552, 0.04499123648, 0.032858931779999996,
          0.02289147568, 0.015215305520000002, 0.009648882420000001, 0.005837142940000001,
          0.0033689183000000004, 0.0018544795600000004]
        - [0.00709438324, 0.02656900618, 0.048579855500000005, 0.06962473002000001,
          0.08714695823999999, 0.09927932958, 0.10499216507999999, 0.10418468256,
          0.09761827528, 0.08670111742, 0.07317318889999999, 0.05877486976, 0.04497624614,
          0.03280820194, 0.02282154364, 0.01514109996, 0.00958093156, 0.005781181220000001,
          0.0033268909, 0.0018253428800000002]
        - [0.0070345567, 0.0264421993, 0.0484514859, 0.0695431345, 0.0871395441, 0.0993513421,
          0.1051276529, 0.1043542724, 0.0977875508, 0.0868400094, 0.0732627741, 0.058808974,
          0.0449612558, 0.0327574721, 0.0227516116, 0.0150668944, 0.0095129807, 0.0057252195,
          0.0032848635, 0.0017962062]
        - [0.0069607356, 0.02625672634, 0.048215030420000006, 0.06931360830000001,
          0.0869650767, 0.09926185706, 0.10513285312, 0.10444342722, 0.09793589529999999,
          0.0870163487, 0.07343729219999999, 0.058959845159999996, 0.04507625088,
          0.032834966279999996, 0.022796183299999998, 0.01508672658, 0.009517260579999999,
          0.0057217368, 0.0032784083800000002, 0.00178977108]
        - [0.0068869145, 0.02607125338, 0.047978574940000004, 0.0690840821, 0.0867906093,
          0.09917237202, 0.10513805334, 0.10453258204, 0.0980842398, 0.087192688,
          0.0736118103, 0.05911071632, 0.04519124596, 0.03291246046, 0.022840755,
          0.01510655876, 0.00952154046, 0.0057182541, 0.00327195326, 0.00178333596]
        - [0.006813093400000001, 0.02588578042, 0.04774211946, 0.0688545559, 0.0866161419,
          0.09908288698, 0.10514325356, 0.10462173686, 0.0982325843, 0.0873690273,
          0.0737863284, 0.05926158748, 0.04530624104, 0.03298995464, 0.0228853267,
          0.01512639094, 0.00952582034, 0.0057147714, 0.00326549814, 0.00177690084]
        - [0.006739272300000001, 0.025700307460000002, 0.04750566398, 0.0686250297,
          0.08644167450000001, 0.09899340194, 0.10514845378, 0.10471089168, 0.0983809288,
          0.08754536660000001, 0.0739608465, 0.05941245864, 0.04542123612, 0.033067448820000005,
          0.022929898400000003, 0.01514622312, 0.00953010022, 0.0057112887, 0.00325904302,
          0.00177046572]
        - [0.0066654512, 0.0255148345, 0.0472692085, 0.0683955035, 0.0862672071, 0.0989039169,
          0.105153654, 0.1048000465, 0.0985292733, 0.0877217059, 0.0741353646, 0.0595633298,
          0.0455362312, 0.033144943, 0.0229744701, 0.0151660553, 0.0095343801, 0.005707806,
          0.0032525879, 0.0017640306]
        - [0.00669855834, 0.025638909539999998, 0.04749011128, 0.06869303664, 0.0866018795,
          0.09922652468, 0.10541425112, 0.10496011475999999, 0.0985692871, 0.08764329992,
          0.07395971206, 0.059323529560000005, 0.0452695098, 0.03288386428000001,
          0.022743155640000002, 0.014977603280000001, 0.009391683320000002, 0.005606766040000001,
          0.0031857236200000002, 0.0017224795400000003]
        - [0.00673166548, 0.02576298458, 0.04771101406, 0.06899056978, 0.0869365519,
          0.09954913246, 0.10567484824, 0.10512018302, 0.0986093009, 0.08756489394,
          0.07378405952, 0.05908372932, 0.0450027884, 0.032622785560000006, 0.022511841180000002,
          0.014789151260000001, 0.00924898654, 0.00550572608, 0.0031188593400000002,
          0.0016809284800000002]
        - [0.00676477262, 0.025887059619999996, 0.04793191684, 0.06928810292, 0.0872712243,
          0.09987174023999999, 0.10593544535999999, 0.10528025128, 0.09864931469999999,
          0.08748648796, 0.07360840698, 0.05884392908, 0.044736067000000004, 0.032361706840000004,
          0.022280526720000002, 0.014600699240000002, 0.00910628976, 0.005404686120000002,
          0.0030519950600000007, 0.0016393774200000005]
        - [0.006797879759999999, 0.026011134659999997, 0.048152819619999995, 0.06958563606,
          0.0876058967, 0.10019434802, 0.10619604248, 0.10544031954, 0.09868932849999999,
          0.08740808198, 0.07343275444, 0.058604128840000005, 0.0444693456, 0.03210062812,
          0.022049212260000003, 0.01441224722, 0.00896359298, 0.005303646160000001,
          0.0029851307800000003, 0.0015978263600000004]
        - [0.006830986899999999, 0.026135209699999995, 0.04837372239999999, 0.0698831692,
          0.0879405691, 0.1005169558, 0.1064566396, 0.1056003878, 0.0987293423, 0.087329676,
          0.0732571019, 0.05836432860000001, 0.044202624200000006, 0.03183954940000001,
          0.021817897800000003, 0.014223795200000004, 0.008820896200000001, 0.005202606200000002,
          0.0029182665000000007, 0.0015562753000000007]
        - [0.0071782125999999965, 0.02710736369999999, 0.049765752959999986, 0.07143465727999998,
          0.08938010069999999, 0.10161111883999999, 0.10705219932, 0.10564563014,
          0.09827159640000001, 0.0864918331, 0.07219914496, 0.057246293220000015,
          0.04315378972000001, 0.03094386196000001, 0.021112010020000006, 0.013706312380000005,
          0.008466416880000003, 0.004974949840000003, 0.002780687820000001, 0.0014780682000000009]
        - [0.0075254382999999985, 0.028079517699999994, 0.05115778351999999, 0.07298614535999999,
