definitions:
  wind_inflow:
    description: inflow for current wind conditions
    properties:
      direction:
        bins: [0.0, 1.8, 3.6, 5.4, 7.2, 9.0, 10.8, 12.6, 14.4, 16.2, 18.0, 19.8, 21.6,
          23.400000000000002, 25.2, 27.0, 28.8, 30.6, 32.4, 34.2, 36.0, 37.800000000000004,
          39.6, 41.4, 43.2, 45.0, 46.800000000000004, 48.6, 50.4, 52.2, 54.0, 55.800000000000004,
          57.6, 59.4, 61.2, 63.0, 64.8, 66.60000000000001, 68.4, 70.2, 72.0, 73.8,
          75.60000000000001, 77.4, 79.2, 81.0, 82.8, 84.60000000000001, 86.4, 88.2,
          90.0, 91.8, 93.60000000000001, 95.4, 97.2, 99.0, 100.8, 102.60000000000001,
          104.4, 106.2, 108.0, 109.8, 111.60000000000001, 113.4, 115.2, 117.0, 118.8,
          120.60000000000001, 122.4, 124.2, 126.0, 127.8, 129.6, 131.4, 133.20000000000002,
          135.0, 136.8, 138.6, 140.4, 142.20000000000002, 144.0, 145.8, 147.6, 149.4,
          151.20000000000002, 153.0, 154.8, 156.6, 158.4, 160.20000000000002, 162.0,
          163.8, 165.6, 167.4, 169.20000000000002, 171.0, 172.8, 174.6, 176.4, 178.20000000000002,
          180.0, 181.8, 183.6, 185.4, 187.20000000000002, 189.0, 190.8, 192.6, 194.4,
          196.20000000000002, 198.0, 199.8, 201.6, 203.4, 205.20000000000002, 207.0,
          208.8, 210.6, 212.4, 214.20000000000002, 216.0, 217.8, 219.6, 221.4, 223.20000000000002,
          225.0, 226.8, 228.6, 230.4, 232.20000000000002, 234.0, 235.8, 237.6, 239.4,
          241.20000000000002, 243.0, 244.8, 246.6, 248.4, 250.20000000000002, 252.0,
          253.8, 255.6, 257.40000000000003, 259.2, 261.0, 262.8, 264.6, 266.40000000000003,
          268.2, 270.0, 271.8, 273.6, 275.40000000000003, 277.2, 279.0, 280.8, 282.6,
          284.40000000000003, 286.2, 288.0, 289.8, 291.6, 293.40000000000003, 295.2,
          297.0, 298.8, 300.6, 302.40000000000003, 304.2, 306.0, 307.8, 309.6, 311.40000000000003,
          313.2, 315.0, 316.8, 318.6, 320.40000000000003, 322.2, 324.0, 325.8, 327.6,
          329.40000000000003, 331.2, 333.0, 334.8, 336.6, 338.40000000000003, 340.2,
          342.0, 343.8, 345.6, 347.40000000000003, 349.2, 351.0, 352.8, 354.6, 356.40000000000003,
          358.2]
        description: The wind direction frequencies. Binned in degrees, with North
          as the 0.
        frequency: [0.0031203120312031205, 0.0030683068306830686, 0.0030163016301630167,
          0.002964296429642965, 0.0029122912291229125, 0.0028602860286028606, 0.0028082808280828083,
          0.0027562756275627564, 0.0027042704270427045, 0.0026522652265226526, 0.0026002600260026003,
          0.002595259525952595, 0.0025902590259025905, 0.0025852585258525854, 0.0025802580258025808,
          0.0025752575257525752, 0.00257025702570257, 0.0025652565256525654, 0.0025602560256025603,
          0.0025552555255525557, 0.0025502550255025506, 0.0025482548254825484, 0.0025462546254625467,
          0.002544254425442544, 0.0025422542254225425, 0.0025402540254025404, 0.0025382538253825387,
          0.0025362536253625365, 0.0025342534253425344, 0.0025322532253225323, 0.0025302530253025306,
          0.0025742574257425744, 0.0026182618261826186, 0.0026622662266226624, 0.0027062706270627067,
          0.0027502750275027505, 0.0027942794279427947, 0.002838283828382839, 0.0028822882288228827,
          0.002926292629262927, 0.0029702970297029708, 0.0030703070307030703, 0.003170317031703171,
          0.0032703270327032715, 0.003370337033703371, 0.003470347034703471, 0.0035703570357035704,
          0.0036703670367036713, 0.003770377037703771, 0.0038703870387038707, 0.003970397039703971,
          0.00407940794079408, 0.004188418841884189, 0.004297429742974298, 0.004406440644064407,
          0.0045154515451545155, 0.004624462446244625, 0.004733473347334734, 0.004842484248424843,
          0.004951495149514952, 0.005060506050605061, 0.0050645064506450645, 0.005068506850685069,
          0.005072507250725073, 0.005076507650765077, 0.005080508050805081, 0.005084508450845085,
          0.005088508850885088, 0.0050925092509250935, 0.005096509650965097, 0.005100510051005101,
          0.005005500550055005, 0.004910491049104911, 0.004815481548154816, 0.00472047204720472,
          0.004625462546254626, 0.00453045304530453, 0.004435443544354436, 0.004340434043404341,
          0.004245424542454245, 0.004150415041504151, 0.00414941494149415, 0.004148414841484149,
          0.004147414741474148, 0.004146414641464148, 0.004145414541454146, 0.004144414441444145,
          0.004143414341434144, 0.0041424142414241425, 0.004141414141414142, 0.004140414041404141,
          0.00424842484248425, 0.004356435643564357, 0.004464446444644466, 0.004572457245724574,
          0.004680468046804681, 0.00478847884788479, 0.004896489648964897, 0.005004500450045006,
          0.005112511251125115, 0.005220522052205222, 0.005332533253325334, 0.005444544454445446,
          0.005556555655565558, 0.00566856685668567, 0.005780578057805782, 0.005892589258925894,
          0.006004600460046005, 0.006116611661166118, 0.00622862286228623, 0.006340634063406341,
          0.006412641264126413, 0.006484648464846485, 0.0065566556655665565, 0.00662866286628663,
          0.006700670067006702, 0.006772677267726773, 0.006844684468446846, 0.006916691669166917,
          0.0069886988698869895, 0.007060706070607061, 0.007077707770777078, 0.007094709470947096,
          0.0071117111711171115, 0.007128712871287129, 0.007145714571457146, 0.007162716271627164,
          0.007179717971797181, 0.007196719671967197, 0.0072137213721372145, 0.007230723072307232,
          0.007204720472047206, 0.007178717871787179, 0.007152715271527154, 0.007126712671267128,
          0.007100710071007103, 0.007074707470747075, 0.00704870487048705, 0.007022702270227024,
          0.006996699669966997, 0.006970697069706972, 0.006941694169416942, 0.006912691269126914,
          0.0068836883688368836, 0.006854685468546856, 0.0068256825682568275, 0.006796679667966796,
          0.006767676767676768, 0.006738673867386739, 0.00670967096709671, 0.0066806680668066816,
          0.006688668866886689, 0.006696669666966697, 0.006704670467046705, 0.006712671267126713,
          0.006720672067206721, 0.006728672867286728, 0.006736673667366737, 0.006744674467446745,
          0.006752675267526753, 0.006760676067606761, 0.006761676167616761, 0.006762676267626763,
          0.0067636763676367645, 0.006764676467646765, 0.006765676567656765, 0.0067666766676667675,
          0.006767676767676768, 0.006768676867686768, 0.0067696769676967705, 0.006770677067706771,
          0.006706670667066707, 0.006642664266426642, 0.006578657865786579, 0.006514651465146516,
          0.006450645064506452, 0.006386638663866387, 0.006322632263226322, 0.006258625862586258,
          0.006194619461946196, 0.006130613061306131, 0.005981598159815981, 0.005832583258325832,
          0.005683568356835682, 0.005534553455345536, 0.005385538553855386, 0.005236523652365236,
          0.005087508750875086, 0.004938493849384936, 0.004789478947894791, 0.004640464046404641,
          0.004488448844884488, 0.004336433643364335, 0.0041844184418441815, 0.004032403240324034,
          0.003880388038803881, 0.0037283728372837274, 0.0035763576357635747, 0.003424342434243422,
          0.003272327232723273]
        maximum: 360.0
        minimum: 0.0
        units: deg
      speed:
        bins: [0.9, 1.98, 3.18, 4.4, 5.64, 6.87, 8.11, 9.35, 10.59, 11.83, 13.07,
          14.31, 15.56, 16.8, 18.04, 19.28, 20.52, 21.77, 23.01, 24.25]
        desctiption: wind speed frequency samples for each binned direction and wind
          speed
        frequency:
        - [0.015640175, 0.0497090909, 0.0811024638, 0.1050883329, 0.1190301631, 0.1222668202,
          0.1159445367, 0.1025108097, 0.0850102571, 0.0663764744, 0.0489239316, 0.0340999223,
          0.0225045684, 0.0140748572, 0.0083476946, 0.0046969535, 0.0025085092, 0.0012722583,
          0.0006121243, 0.0002800569]
        - [0.01582402704, 0.0502226138, 0.0818301747, 0.10586679448, 0.11969266565,
          0.12268616484, 0.11606091898, 0.10233690622, 0.08461491764, 0.06585662039,
          0.04837525978, 0.03359631199, 0.02208908955, 0.013761477610000001, 0.00812948495,
          0.00455569001, 0.00242317434, 0.00122394012, 0.00058651532, 0.00026725268000000004]
        - [0.01600787908, 0.050736136700000004, 0.08255788559999999, 0.10664525606,
          0.1203551682, 0.12310550948, 0.11617730126, 0.10216300274, 0.08421957818,
          0.06533676638, 0.04782658796, 0.03309270168, 0.021673610700000002, 0.01344809802,
          0.0079112753, 0.00441442652, 0.00233783948, 0.0011756219399999999, 0.00056090634,
          0.00025444846]
        - [0.01619173112, 0.051249659600000004, 0.0832855965, 0.10742371764, 0.12101767075,
          0.12352485412, 0.11629368354, 0.10198909926, 0.08382423872, 0.06481691237,
          0.04727791614, 0.03258909137, 0.02125813185, 0.013134718430000001, 0.007693065650000001,
          0.00427316303, 0.00225250462, 0.00112730376, 0.00053529736, 0.00024164424000000002]
        - [0.01637558316, 0.051763182500000005, 0.0840133074, 0.10820217922, 0.1216801733,
          0.12394419876, 0.11641006582, 0.10181519577999999, 0.08342889926, 0.06429705835999999,
          0.04672924432, 0.032085481060000004, 0.020842653000000003, 0.01282133884,
          0.007474856, 0.00413189954, 0.00216716976, 0.00107898558, 0.00050968838,
          0.00022884002]
        - [0.0165594352, 0.0522767054, 0.0847410183, 0.1089806408, 0.12234267585,
          0.1243635434, 0.1165264481, 0.10164129229999999, 0.08303355979999999, 0.06377720435,
          0.0461805725, 0.031581870750000005, 0.02042717415, 0.01250795925, 0.00725664635,
          0.0039906360499999995, 0.0020818349, 0.0010306674, 0.0004840794, 0.0002160358]
        - [0.01674328724, 0.0527902283, 0.0854687292, 0.10975910238, 0.1230051784,
          0.12478288804000001, 0.11664283037999999, 0.10146738882, 0.08263822034,
          0.06325735034, 0.04563190068, 0.03107826044, 0.0200116953, 0.01219457966,
          0.0070384367, 0.0038493725599999997, 0.00199650004, 0.00098234922, 0.00045847041999999994,
          0.00020323158000000002]
        - [0.01692713928, 0.0533037512, 0.0861964401, 0.11053756396, 0.12366768095,
          0.12520223268, 0.11675921266, 0.10129348534, 0.08224288088, 0.06273749633,
          0.04508322886, 0.030574650130000002, 0.019596216450000002, 0.01188120007,
          0.0068202270500000006, 0.00370810907, 0.00191116518, 0.00093403104, 0.00043286143999999996,
          0.00019042736]
        - [0.01711099132, 0.0538172741, 0.086924151, 0.11131602554, 0.1243301835,
          0.12562157732, 0.11687559494, 0.10111958186, 0.08184754141999999, 0.06221764232,
          0.04453455704, 0.03007103982, 0.0191807376, 0.011567820480000001, 0.0066020174,
          0.0035668455799999998, 0.0018258303199999999, 0.00088571286, 0.00040725246,
          0.00017762314]
        - [0.01729484336, 0.054330797, 0.0876518619, 0.11209448712, 0.12499268605,
          0.12604092196, 0.11699197722, 0.10094567838, 0.08145220196, 0.06169778831,
          0.04398588522, 0.02956742951, 0.018765258750000003, 0.011254440890000002,
          0.00638380775, 0.0034255820899999996, 0.0017404954599999998, 0.0008373946800000001,
          0.00038164348, 0.00016481892000000002]
        - [0.0174786954, 0.0548443199, 0.0883795728, 0.1128729487, 0.1256551886, 0.1264602666,
          0.1171083595, 0.1007717749, 0.0810568625, 0.0611779343, 0.0434372134, 0.0290638192,
          0.0183497799, 0.0109410613, 0.0061655981, 0.0032843186, 0.0016551606, 0.0007890765,
          0.0003560345, 0.0001520147]
        - [0.0173644765, 0.05477595581, 0.08852959415, 0.11325641562000001, 0.12618027555,
          0.12698304817, 0.11749399853999999, 0.10094001502, 0.08099862572, 0.06094302324,
          0.04310491641, 0.02871271649, 0.01803684909, 0.01069518147, 0.005991452,
          0.0031719934399999997, 0.0015884476, 0.00075247016, 0.00033733156999999996,
          0.00014321343000000002]
        - [0.0172502576, 0.054707591720000004, 0.0886796155, 0.11363988254, 0.1267053625,
          0.12750582974000002, 0.11787963758, 0.10110825514, 0.08094038894, 0.06070811218,
          0.04277261942, 0.02836161378, 0.01772391828, 0.01044930164, 0.0058173059,
          0.00305966828, 0.0015217345999999998, 0.00071586382, 0.00031862864, 0.00013441216]
        - [0.0171360387, 0.05463922763, 0.08882963685, 0.11402334946, 0.12723044945,
          0.12802861131, 0.11826527662, 0.10127649526, 0.08088215216, 0.06047320112,
          0.04244032243, 0.02801051107, 0.01741098747, 0.01020342181, 0.0056431598,
          0.00294734312, 0.0014550216, 0.00067925748, 0.00029992570999999997, 0.00012561089]
        - [0.0170218198, 0.05457086354, 0.0889796582, 0.11440681638, 0.1277555364,
          0.12855139288, 0.11865091566, 0.10144473538, 0.08082391538, 0.06023829006,
          0.04210802544, 0.02765940836, 0.01709805666, 0.00995754198, 0.005469013700000001,
          0.00283501796, 0.0013883086, 0.00064265114, 0.00028122278, 0.00011680962000000002]
        - [0.0169076009, 0.054502499450000005, 0.08912967955000001, 0.1147902833,
          0.12828062335, 0.12907417445000002, 0.11903655469999999, 0.10161297550000001,
          0.0807656786, 0.060003378999999996, 0.04177572845, 0.02730830565, 0.01678512585,
          0.009711662150000001, 0.0052948676, 0.0027226928, 0.0013215955999999998,
          0.0006060448000000001, 0.00026251985, 0.00010800835]
        - [0.016793382, 0.054434135360000004, 0.0892797009, 0.11517375022000001, 0.1288057103,
          0.12959695602000001, 0.11942219374, 0.10178121562, 0.08070744181999999,
          0.05976846794, 0.04144343146, 0.02695720294, 0.016472195040000002, 0.009465782320000001,
          0.0051207215, 0.0026103676399999998, 0.0012548826, 0.00056943846, 0.00024381692,
          9.920708e-05]
        - [0.016679163099999998, 0.05436577127, 0.08942972225, 0.11555721714, 0.12933079725,
          0.13011973759, 0.11980783278, 0.10194945574, 0.08064920503999999, 0.05953355688,
          0.04111113447, 0.02660610023, 0.01615926423, 0.009219902490000001, 0.0049465754,
          0.0024980424799999996, 0.0011881696, 0.00053283212, 0.00022511398999999999,
          9.040581e-05]
        - [0.0165649442, 0.05429740718, 0.0895797436, 0.11594068406000001, 0.1298558842,
          0.13064251916, 0.12019347182, 0.10211769586, 0.08059096825999999, 0.059298645819999996,
          0.04077883748, 0.02625499752, 0.01584633342, 0.00897402266, 0.0047724293000000004,
          0.00238571732, 0.0011214566, 0.00049622578, 0.00020641106000000002, 8.160454000000001e-05]
        - [0.0164507253, 0.054229043090000005, 0.08972976495, 0.11632415098, 0.13038097115,
          0.13116530073000002, 0.12057911086, 0.10228593598, 0.08053273148, 0.05906373476,
          0.04044654049, 0.025903894809999998, 0.01553340261, 0.00872814283, 0.0045982832,
          0.0022733921599999997, 0.0010547435999999997, 0.00045961943999999995, 0.00018770812999999997,
          7.280326999999999e-05]
        - [0.0163365064, 0.054160679, 0.0898797863, 0.1167076179, 0.1309060581, 0.1316880823,
          0.1209647499, 0.1024541761, 0.0804744947, 0.0588288237, 0.0401142435, 0.0255527921,
          0.0152204718, 0.008482263, 0.0044241371, 0.002161067, 0.0009880306, 0.0004230131,
          0.00016900520000000003, 6.4002e-05]
        - [0.0160184676, 0.053575554580000004, 0.08941138435, 0.11657365994, 0.13114887229,
          0.13220109721, 0.12156428917, 0.10296465529, 0.0807900205, 0.0589312952,
          0.04005215469, 0.02540203453, 0.015049536779999999, 0.00833464301, 0.00431692641,
          0.0020928616299999998, 0.0009493280799999998, 0.00040321198999999995, 0.00015990474999999998,
          6.010181999999999e-05]
        - [0.0157004288, 0.052990430160000004, 0.0889429824, 0.11643970198, 0.13139168648,
          0.13271411212, 0.12216382844, 0.10347513448000001, 0.0811055463, 0.0590337667,
          0.03999006588, 0.02525127696, 0.01487860176, 0.00818702302, 0.00420971572,
          0.00202465626, 0.0009106255599999999, 0.00038341088, 0.00015080429999999998,
          5.620164e-05]
        - [0.01538239, 0.052405305740000005, 0.08847458045, 0.11630574402, 0.13163450067000002,
          0.13322712703, 0.12276336771, 0.10398561367, 0.08142107209999999, 0.059136238199999996,
          0.03992797707, 0.02510051939, 0.01470766674, 0.00803940303, 0.00410250503,
          0.00195645089, 0.00087192304, 0.00036360977, 0.00014170385000000001, 5.2301460000000005e-05]
        - [0.0150643512, 0.05182018132, 0.0880061785, 0.11617178606, 0.13187731486,
          0.13374014194, 0.12336290697999999, 0.10449609286, 0.0817365979, 0.059238709699999996,
          0.03986588826, 0.02494976182, 0.01453673172, 0.00789178304, 0.00399529434,
          0.0018882455199999999, 0.0008332205199999998, 0.00034380866, 0.0001326034,
          4.840127999999999e-05]
        - [0.0147463124, 0.051235056900000006, 0.08753777655, 0.1160378281, 0.13212012905,
          0.13425315685, 0.12396244625, 0.10500657205, 0.08205212370000001, 0.059341181199999996,
          0.039803799449999996, 0.02479900425, 0.014365796699999999, 0.007744163050000001,
          0.00388808365, 0.00182004015, 0.0007945179999999999, 0.00032400755, 0.00012350295,
          4.45011e-05]
        - [0.0144282736, 0.05064993248, 0.0870693746, 0.11590387014, 0.13236294324,
          0.13476617176, 0.12456198552, 0.10551705124, 0.0823676495, 0.0594436527,
          0.03974171064, 0.02464824668, 0.01419486168, 0.00759654306, 0.00378087296,
          0.0017518347799999998, 0.0007558154799999999, 0.00030420643999999993, 0.00011440249999999997,
          4.0600919999999994e-05]
        - [0.0141102348, 0.05006480806, 0.08660097265, 0.11576991218, 0.13260575743,
          0.13527918667, 0.12516152479, 0.10602753043, 0.08268317530000001, 0.0595461242,
          0.03967962183, 0.02449748911, 0.01402392666, 0.00744892307, 0.00367366227,
          0.00168362941, 0.00071711296, 0.00028440533, 0.00010530204999999998, 3.6700739999999995e-05]
        - [0.013792196, 0.04947968364, 0.08613257070000001, 0.11563595422, 0.13284857162000002,
          0.13579220158, 0.12576106405999998, 0.10653800962, 0.0829987011, 0.0596485957,
          0.03961753302, 0.02434673154, 0.01385299164, 0.00730130308, 0.00356645158,
          0.0016154240400000001, 0.0006784104399999999, 0.00026460422, 9.62016e-05,
          3.280056e-05]
        - [0.0134741572, 0.04889455922, 0.08566416875, 0.11550199626, 0.13309138581000002,
          0.13630521649, 0.12636060333, 0.10704848881000001, 0.08331422690000001,
          0.0597510672, 0.03955544421, 0.02419597397, 0.01368205662, 0.00715368309,
          0.0034592408899999996, 0.0015472186699999999, 0.0006397079199999999, 0.0002448031099999999,
          8.710114999999997e-05, 2.8900379999999997e-05]
        - [0.0131561184, 0.0483094348, 0.0851957668, 0.1153680383, 0.1333342, 0.1368182314,
          0.1269601426, 0.107558968, 0.0836297527, 0.0598535387, 0.0394933554, 0.0240452164,
          0.0135111216, 0.0070060631, 0.0033520302, 0.0014790133, 0.0006010054, 0.00022500199999999997,
          7.80007e-05, 2.5000199999999998e-05]
        - [0.012805021989999998, 0.04733505302, 0.0838811054, 0.11407409836, 0.13239357828,
          0.1364388211, 0.12717543492, 0.10824435426000001, 0.08457032629000001, 0.060828496190000005,
          0.040340696610000004, 0.0246867435, 0.01394213795, 0.007265572150000001,
          0.0034927347900000003, 0.0015480154400000002, 0.00063160631, 0.00023730236000000002,
          8.250083e-05, 2.6400240000000005e-05]
        - [0.012453925579999999, 0.04636067124, 0.082566444, 0.11278015842, 0.13145295656,
          0.1360594108, 0.12739072724, 0.10892974052, 0.08551089988, 0.06180345368,
          0.04118803782, 0.0253282706, 0.014373154300000001, 0.0075250812, 0.00363343938,
          0.0016170175800000002, 0.00066220722, 0.00024960272, 8.700096e-05, 2.7800280000000004e-05]
        - [0.01210282917, 0.04538628946000001, 0.0812517826, 0.11148621848, 0.13051233484000002,
          0.13568000049999998, 0.12760601956, 0.10961512678, 0.08645147347, 0.06277841117,
          0.04203537903, 0.025969797699999998, 0.01480417065, 0.00778459025, 0.00377414397,
          0.00168601972, 0.00069280813, 0.00026190307999999997, 9.150109e-05, 2.920032e-05]
        - [0.01175173276, 0.04441190768, 0.0799371212, 0.11019227854, 0.12957171312000001,
          0.1353005902, 0.12782131188, 0.11030051304, 0.08739204706, 0.06375336866,
          0.04288272024, 0.026611324800000002, 0.015235187, 0.008044099300000001,
          0.00391484856, 0.00175502186, 0.00072340904, 0.00027420344, 9.600122e-05,
          3.060036e-05]
        - [0.01140063635, 0.0434375259, 0.0786224598, 0.1088983386, 0.1286310914,
          0.1349211799, 0.12803660420000001, 0.1109858993, 0.08833262065, 0.06472832615,
          0.043730061449999996, 0.0272528519, 0.01566620335, 0.00830360835, 0.00405555315,
          0.001824024, 0.00075400995, 0.0002865038, 0.00010050135, 3.20004e-05]
        - [0.01104953994, 0.042463144120000004, 0.0773077984, 0.10760439866, 0.12769046968,
          0.1345417696, 0.12825189652, 0.11167128556, 0.08927319423999999, 0.06570328364,
          0.04457740266, 0.027894378999999997, 0.0160972197, 0.0085631174, 0.00419625774,
          0.00189302614, 0.0007846108599999999, 0.00029880415999999996, 0.00010500148,
          3.340044e-05]
        - [0.010698443529999997, 0.04148876234, 0.075993137, 0.10631045871999999,
          0.12674984796, 0.1341623593, 0.12846718884, 0.11235667182, 0.09021376783,
          0.06667824113000001, 0.045424743870000006, 0.0285359061, 0.016528236050000002,
          0.008822626450000003, 0.00433696233, 0.0019620282800000004, 0.0008152117700000001,
          0.00031110452000000007, 0.00010950161000000002, 3.480048000000001e-05]
        - [0.01034734712, 0.04051438056, 0.0746784756, 0.10501651877999998, 0.12580922624000002,
          0.13378294899999998, 0.12868248116, 0.11304205808000001, 0.09115434141999999,
          0.06765319862000001, 0.046272085080000004, 0.029177433200000002, 0.016959252400000003,
          0.009082135500000001, 0.00447766692, 0.00203103042, 0.0008458126800000001,
          0.00032340488000000007, 0.00011400174000000002, 3.620052000000001e-05]
        - [0.00999625071, 0.03953999878, 0.0733638142, 0.10372257884, 0.12486860452000001,
          0.1334035387, 0.12889777348, 0.11372744434, 0.09209491501, 0.06862815611,
          0.04711942629, 0.029818960300000003, 0.01739026875, 0.00934164455, 0.00461837151,
          0.0021000325600000003, 0.00087641359, 0.00033570524, 0.00011850187000000002,
          3.7600560000000004e-05]
        - [0.0096451543, 0.038565617, 0.0720491528, 0.1024286389, 0.1239279828, 0.1330241284,
          0.1291130658, 0.1144128306, 0.0930354886, 0.0696031136, 0.0479667675, 0.0304604874,
          0.0178212851, 0.0096011536, 0.0047590761, 0.0021690347, 0.0009070145, 0.0003480056,
          0.000123002, 3.90006e-05]
        - [0.00927226549, 0.037373875220000005, 0.07023978032, 0.10039844458, 0.12214436193,
          0.13188946311, 0.12884712826, 0.11500078886, 0.09425981349, 0.07113998461,
          0.049499975589999995, 0.03176603448, 0.01879808074, 0.01025231075, 0.005148807439999999,
          0.0023793504499999996, 0.0010096217499999999, 0.0003933086399999999, 0.00014100316,
          4.5601009999999986e-05]
        - [0.008899376679999998, 0.03618213344, 0.06843040784, 0.09836825025999998,
          0.12036074106, 0.13075479782, 0.12858119072000002, 0.11558874712, 0.09548413838,
          0.07267685562000001, 0.051033183680000004, 0.03307158156000001, 0.019774876380000004,
          0.010903467900000003, 0.005538538780000001, 0.002589666200000001, 0.0011122290000000004,
          0.0004386116800000002, 0.0001590043200000001, 5.220142000000003e-05]
        - [0.008526487869999998, 0.03499039166, 0.06662103536, 0.09633805593999999,
          0.11857712019, 0.12962013253, 0.12831525318, 0.11617670538000001, 0.09670846327,
          0.07421372663, 0.052566391770000005, 0.034377128640000004, 0.020751672020000004,
          0.011554625050000003, 0.005928270120000001, 0.0027999819500000005, 0.0012148362500000003,
          0.00048391472000000016, 0.00017700548000000008, 5.880183000000002e-05]
        - [0.008153599059999999, 0.033798649880000003, 0.06481166288, 0.09430786161999999,
          0.11679349932, 0.12848546724, 0.12804931564000002, 0.11676466364, 0.09793278815999999,
          0.07575059764, 0.05409959986, 0.03568267572, 0.02172846766, 0.012205782200000001,
          0.00631800146, 0.0030102977000000006, 0.0013174435000000001, 0.00052921776,
          0.00019500664000000005, 6.540224000000001e-05]
        - [0.00778071025, 0.0326069081, 0.0630022904, 0.0922776673, 0.11500987844999999,
          0.12735080195, 0.1277833781, 0.11735262190000001, 0.09915711305, 0.07728746865,
          0.05563280795, 0.0369882228, 0.0227052633, 0.012856939349999999, 0.0067077327999999995,
          0.00322061345, 0.00142005075, 0.0005745208, 0.00021300780000000003, 7.200265e-05]
        - [0.00740782144, 0.03141516632000001, 0.061192917920000006, 0.09024747298000001,
          0.11322625758, 0.12621613666, 0.12751744056, 0.11794058016, 0.10038143794,
          0.07882433966, 0.057166016039999996, 0.03829376988, 0.02368205894, 0.013508096499999999,
          0.007097464139999999, 0.0034309292, 0.0015226579999999999, 0.0006198238399999999,
          0.00023100895999999998, 7.860305999999998e-05]
        - [0.007034932629999998, 0.030223424539999995, 0.05938354543999999, 0.08821727866,
          0.11144263670999999, 0.12508147137, 0.12725150302000002, 0.11852853842000001,
          0.10160576283, 0.08036121067000002, 0.058699224130000005, 0.039599316960000006,
          0.024658854580000004, 0.014159253650000002, 0.007487195480000002, 0.0036412449500000015,
          0.0016252652500000006, 0.0006651268800000002, 0.0002490101200000001, 8.520347000000002e-05]
        - [0.006662043819999999, 0.029031682759999997, 0.057574172959999996, 0.08618708434,
          0.10965901583999998, 0.12394680608, 0.12698556548, 0.11911649668, 0.10283008772,
          0.08189808168000001, 0.06023243222, 0.04090486404, 0.02563565022, 0.014810410800000002,
          0.007876926820000001, 0.003851560700000001, 0.0017278725000000003, 0.0007104299200000001,
          0.00026701128000000007, 9.180388000000001e-05]
        - [0.006289155009999999, 0.02783994098, 0.05576480048, 0.08415689002, 0.10787539497,
          0.12281214079, 0.12671962794000002, 0.11970445494000001, 0.10405441261,
          0.08343495269000001, 0.06176564031, 0.042210411120000006, 0.02661244586,
          0.015461567950000001, 0.00826665816, 0.004061876450000001, 0.0018304797500000001,
          0.00075573296, 0.00028501244000000005, 9.840429000000001e-05]
        - [0.0059162662, 0.0266481992, 0.053955428, 0.0821266957, 0.1060917741, 0.1216774755,
          0.1264536904, 0.1202924132, 0.1052787375, 0.0849718237, 0.0632988484, 0.0435159582,
          0.0275892415, 0.0161127251, 0.0086563895, 0.0042721922, 0.001933087, 0.000801036,
          0.0003030136, 0.0001050047]
        - [0.005663764, 0.02575400677, 0.05250366915, 0.08038759223, 0.10443184104,
          0.12045991636, 0.12593379439000002, 0.12054475615, 0.10618658712, 0.08628264751,
          0.06471852152999999, 0.044800268170000004, 0.028596788539999998, 0.01680981879,
          0.00908504374, 0.00450722066, 0.0020482005099999997, 0.0008512417799999999,
          0.00032261583, 0.00011170546999999998]
        - [0.005411261799999999, 0.024859814339999994, 0.051051910299999996, 0.07864848876,
          0.10277190798, 0.11924235722, 0.12541389838, 0.1207970991, 0.10709443674,
          0.08759347132, 0.06613819466000001, 0.04608457814000001, 0.029604335580000005,
          0.017506912480000004, 0.009513697980000003, 0.004742249120000002, 0.0021633140200000007,
          0.0009014475600000002, 0.0003422180600000001, 0.00011840624000000003]
        - [0.005158759599999999, 0.02396562191, 0.04960015145, 0.07690938528999999,
          0.10111197491999999, 0.11802479808, 0.12489400237, 0.12104944205, 0.10800228636,
          0.08890429513, 0.06755786779, 0.04736888811000001, 0.030611882620000003,
          0.018204006170000002, 0.00994235222, 0.004977277580000001, 0.0022784275300000005,
          0.0009516533400000002, 0.0003618202900000001, 0.00012510701000000002]
        - [0.0049062574, 0.02307142948, 0.0481483926, 0.07517028182, 0.09945204185999999,
          0.11680723894, 0.12437410636000001, 0.121301785, 0.10891013598, 0.09021511894,
          0.06897754092, 0.04865319808, 0.031619429660000004, 0.018901099860000003,
          0.01037100646, 0.005212306040000001, 0.00239354104, 0.00100185912, 0.00038142252000000006,
          0.00013180778]
        - [0.0046537552, 0.02217723705, 0.04669663375, 0.07343117835, 0.0977921088,
          0.11558967980000001, 0.12385421035000001, 0.12155412795000001, 0.1098179856,
          0.09152594275, 0.07039721404999999, 0.04993750805, 0.032626976700000004,
          0.01959819355, 0.0107996607, 0.0054473345, 0.0025086545500000003, 0.0010520649,
          0.00040102474999999997, 0.00013850855]
        - [0.004401253000000001, 0.02128304462, 0.0452448749, 0.07169207488, 0.09613217574,
          0.11437212066, 0.12333431434, 0.1218064709, 0.11072583522, 0.09283676656,
          0.07181688718, 0.051221818020000004, 0.03363452374, 0.02029528724, 0.01122831494,
          0.0056823629599999995, 0.00262376806, 0.00110227068, 0.00042062697999999994,
          0.00014520932]
        - [0.004148750799999999, 0.020388852189999994, 0.04379311605, 0.06995297141,
          0.09447224268, 0.11315456152, 0.12281441833000001, 0.12205881385, 0.11163368484000001,
          0.09414759037, 0.07323656031, 0.05250612799000001, 0.034642070780000006,
          0.020992380930000006, 0.01165696918, 0.005917391420000001, 0.0027388815700000006,
          0.0011524764600000003, 0.00044022921000000007, 0.00015191009000000002]
        - [0.0038962485999999995, 0.019494659759999998, 0.0423413572, 0.06821386793999999,
          0.09281230961999999, 0.11193700238, 0.12229452232, 0.1223111568, 0.11254153446000001,
          0.09545841418, 0.07465623344, 0.05379043796000001, 0.03564961782000001,
          0.021689474620000003, 0.01208562342, 0.006152419880000001, 0.0028539950800000003,
          0.0012026822400000002, 0.00045983144000000004, 0.00015861086000000003]
        - [0.0036437464, 0.01860046733, 0.04088959835, 0.06647476447, 0.09115237656,
          0.11071944323999999, 0.12177462631000001, 0.12256349975, 0.11344938408000001,
          0.09676923799, 0.07607590657, 0.05507474793, 0.03665716486, 0.022386568310000004,
          0.01251427766, 0.006387448340000001, 0.00296910859, 0.00125288802, 0.00047943367,
          0.00016531163000000002]
        - [0.0033912442, 0.0177062749, 0.0394378395, 0.064735661, 0.0894924435, 0.1095018841,
          0.1212547303, 0.1228158427, 0.1143572337, 0.0980800618, 0.0774955797, 0.0563590579,
          0.0376647119, 0.023083662, 0.0129429319, 0.0066224768, 0.0030842221, 0.0013030938,
          0.0004990359, 0.0001720124]
        - [0.0032822365800000003, 0.01727514519, 0.03869088892, 0.06379249862, 0.08854238309000001,
          0.10875374044, 0.1208762148, 0.12288135976999999, 0.11482647939, 0.09881782546000001,
          0.07832454795999999, 0.05712061913, 0.03826135922, 0.02348849386, 0.013181950639999999,
          0.0067448863999999996, 0.00313802633, 0.00132309539, 0.00050493638, 0.00017331251]
        - [0.0031732289599999994, 0.01684401548, 0.03794393834, 0.06284933624, 0.08759232268,
          0.10800559678, 0.1204976993, 0.12294687684, 0.11529572508000001, 0.09955558912000001,
          0.07915351622, 0.05788218036000001, 0.038858006540000004, 0.023893325720000004,
          0.01342096938, 0.006867296, 0.0031918305600000005, 0.0013430969800000002,
          0.00051083686, 0.00017461262]
        - [0.0030642213399999997, 0.016412885769999996, 0.03719698776, 0.06190617386,
          0.08664226227, 0.10725745312, 0.1201191838, 0.12301239391, 0.11576497077,
          0.10029335278000001, 0.07998248448, 0.058643741590000006, 0.03945465386,
          0.024298157580000004, 0.013659988120000001, 0.0069897056, 0.00324563479,
          0.0013630985700000002, 0.00051673734, 0.00017591273]
        - [0.0029552137199999997, 0.015981756059999998, 0.03645003718, 0.06096301148,
          0.08569220186, 0.10650930946, 0.1197406683, 0.12307791098, 0.11623421646,
          0.10103111644, 0.08081145274, 0.059405302820000006, 0.04005130118, 0.024702989440000003,
          0.01389900686, 0.0071121152, 0.0032994390200000003, 0.0013831001600000002,
          0.00052263782, 0.00017721284]
        - [0.0028462061, 0.01555062635, 0.0357030866, 0.0600198491, 0.08474214145,
          0.1057611658, 0.11936215280000001, 0.12314342805, 0.11670346214999999, 0.1017688801,
          0.08164042099999999, 0.060166864050000005, 0.0406479485, 0.0251078213, 0.0141380256,
          0.007234524799999999, 0.0033532432500000004, 0.00140310175, 0.0005285382999999999,
          0.00017851295]
        - [0.0027371984800000004, 0.01511949664, 0.03495613602, 0.05907668672, 0.08379208104000001,
          0.10501302214, 0.1189836373, 0.12320894512, 0.11717270784, 0.10250664376,
          0.08246938926, 0.06092842528, 0.04124459582, 0.025512653160000003, 0.014377044339999999,
          0.007356934399999999, 0.00340704748, 0.0014231033400000002, 0.00053443878,
          0.00017981306]
        - [0.0026281908599999995, 0.014688366929999997, 0.03420918544, 0.05813352434,
          0.08284202063, 0.10426487848, 0.1186051218, 0.12327446219, 0.11764195353,
          0.10324440742, 0.08329835752, 0.06168998651, 0.04184124314, 0.025917485020000002,
          0.014616063080000002, 0.007479344000000001, 0.0034608517100000007, 0.0014431049300000001,
          0.0005403392600000001, 0.00018111317]
        - [0.00251918324, 0.014257237219999998, 0.033462234859999995, 0.05719036196,
          0.08189196022, 0.10351673482, 0.11822660630000001, 0.12333997926, 0.11811119922,
          0.10398217108, 0.08412732578, 0.06245154774, 0.04243789046, 0.026322316880000002,
          0.014855081820000001, 0.0076017536, 0.0035146559400000004, 0.0014631065200000001,
          0.00054623974, 0.00018241328]
        - [0.0024101756199999998, 0.013826107509999998, 0.03271528427999999, 0.056247199580000004,
          0.08094189981, 0.10276859116, 0.1178480908, 0.12340549633, 0.11858044491,
          0.10471993473999999, 0.08495629404, 0.06321310897, 0.04303453778, 0.02672714874,
          0.01509410056, 0.0077241632, 0.00356846017, 0.0014831081100000001, 0.00055214022,
          0.00018371339]
        - [0.002301168, 0.0133949778, 0.0319683337, 0.0553040372, 0.0799918394, 0.1020204475,
          0.1174695753, 0.1234710134, 0.1190496906, 0.1054576984, 0.0857852623, 0.0639746702,
          0.0436311851, 0.0271319806, 0.0153331193, 0.0078465728, 0.0036222644, 0.0015031097,
          0.0005580407, 0.0001850135]
        - [0.00229226868, 0.01335418262, 0.03188784652, 0.05518846125, 0.07985697674,
          0.10189039844, 0.11737083798, 0.12342508384999999, 0.11906566329, 0.10552956734999999,
          0.08589432239, 0.0640964182, 0.04374352015, 0.02722110392, 0.01539493338,
          0.00788428049, 0.00364266819, 0.00151281137, 0.00056214136, 0.00018651373]
        - [0.0022833693600000002, 0.01331338744, 0.03180735934, 0.0550728853, 0.07972211408,
          0.10176034938, 0.11727210066, 0.1233791543, 0.11908163597999999, 0.10560143629999999,
          0.08600338248, 0.0642181662, 0.043855855199999995, 0.027310227240000002,
          0.01545674746, 0.00792198818, 0.00366307198, 0.0015225130400000001, 0.00056624202,
          0.00018801396]
        - [0.00227447004, 0.013272592259999999, 0.031726872159999996, 0.054957309350000004,
          0.07958725142, 0.10163030032, 0.11717336334, 0.12333322475, 0.11909760867,
          0.10567330525, 0.08611244257, 0.0643399142, 0.04396819025, 0.02739935056,
          0.01551856154, 0.00795969587, 0.0036834757700000002, 0.00153221471, 0.00057034268,
          0.00018951419]
        - [0.00226557072, 0.01323179708, 0.03164638498, 0.0548417334, 0.07945238876,
          0.10150025126000001, 0.11707462602, 0.1232872952, 0.11911358136, 0.1057451742,
          0.08622150266, 0.0644616622, 0.0440805253, 0.02748847388, 0.01558037562,
          0.00799740356, 0.00370387956, 0.0015419163800000002, 0.00057444334, 0.00019101442]
        - [0.0022566714, 0.013191001899999999, 0.0315658978, 0.05472615745, 0.07931752610000001,
          0.10137020220000001, 0.1169758887, 0.12324136564999999, 0.11912955405, 0.10581704315,
          0.08633056275, 0.0645834102, 0.04419286035, 0.027577597199999998, 0.0156421897,
          0.008035111250000001, 0.00372428335, 0.00155161805, 0.0005785440000000001,
          0.00019251465]
        - [0.00224777208, 0.01315020672, 0.03148541062, 0.0546105815, 0.07918266344,
          0.10124015314, 0.11687715138, 0.1231954361, 0.11914552674, 0.1058889121,
          0.08643962284, 0.0647051582, 0.0443051954, 0.02766672052, 0.01570400378,
          0.00807281894, 0.0037446871400000003, 0.0015613197200000002, 0.0005826446600000001,
          0.00019401488]
        - [0.0022388727600000003, 0.013109411540000001, 0.03140492344, 0.054495005549999996,
          0.07904780078, 0.10111010408, 0.11677841406, 0.12314950655, 0.11916149943,
          0.10596078105, 0.08654868293, 0.0648269062, 0.04441753045, 0.02775584384,
          0.01576581786, 0.00811052663, 0.0037650909299999998, 0.00157102139, 0.00058674532,
          0.00019551511]
        - [0.00222997344, 0.01306861636, 0.03132443626, 0.0543794296, 0.07891293812,
          0.10098005502, 0.11667967674, 0.12310357699999999, 0.11917747212, 0.10603265,
          0.08665774302, 0.06494865420000001, 0.0445298655, 0.027844967159999998,
          0.01582763194, 0.00814823432, 0.00378549472, 0.00158072306, 0.00059084598,
          0.00019701534]
        - [0.00222107412, 0.01302782118, 0.03124394908, 0.05426385365, 0.07877807546,
          0.10085000596, 0.11658093942, 0.12305764745, 0.11919344481, 0.10610451895,
          0.08676680311, 0.0650704022, 0.04464220055, 0.02793409048, 0.01588944602,
          0.00818594201, 0.00380589851, 0.0015904247300000001, 0.0005949466400000001,
          0.00019851557000000002]
        - [0.0022121748, 0.012987026, 0.0311634619, 0.0541482777, 0.0786432128, 0.1007199569,
          0.1164822021, 0.1230117179, 0.1192094175, 0.1061763879, 0.0868758632, 0.0651921502,
          0.0447545356, 0.0280232138, 0.0159512601, 0.0082236497, 0.0038263023, 0.0016001264,
          0.0005990473, 0.0002000158]
        - [0.0022474934900000004, 0.013110223890000001, 0.03134058009, 0.05431503693,
          0.0787312128, 0.10068127591, 0.11630859981, 0.12274044232999999, 0.11891141458,
          0.10592911133, 0.08673438188, 0.06517135146, 0.04483052379, 0.02815060551,
          0.01608487784, 0.0083337162, 0.0039020367000000005, 0.0016448426300000004,
          0.0006219542500000002, 0.00021031849000000008]
        - [0.00228281218, 0.01323342178, 0.03151769828, 0.05448179616, 0.0788192128,
          0.10064259492000001, 0.11613499752, 0.12246916676, 0.11861341166, 0.10568183476,
          0.08659290056, 0.06515055272, 0.04490651198, 0.028277997219999997, 0.01621849558,
          0.0084437827, 0.003977771099999999, 0.00168955886, 0.0006448611999999999,
          0.00022062117999999999]
        - [0.0023181308700000003, 0.01335661967, 0.031694816470000005, 0.05464855539,
          0.0789072128, 0.10060391393, 0.11596139523, 0.12219789118999999, 0.11831540874,
          0.10543455819, 0.08645141924, 0.06512975398, 0.04498250017, 0.02840538893,
          0.01635211332, 0.0085538492, 0.0040535055, 0.0017342750900000003, 0.0006677681500000001,
          0.00023092387000000003]
