definitions:
  wind_inflow:
    description: inflow for current wind conditions
    properties:
      direction:
        bins: [0.0, 4.0, 8.0, 12.0, 16.0, 20.0, 24.0, 28.0, 32.0, 36.0, 40.0, 44.0,
          48.0, 52.0, 56.0, 60.0, 64.0, 68.0, 72.0, 76.0, 80.0, 84.0, 88.0, 92.0,
          96.0, 100.0, 104.0, 108.0, 112.0, 116.0, 120.0, 124.0, 128.0, 132.0, 136.0,
          140.0, 144.0, 148.0, 152.0, 156.0, 160.0, 164.0, 168.0, 172.0, 176.0, 180.0,
          184.0, 188.0, 192.0, 196.0, 200.0, 204.0, 208.0, 212.0, 216.0, 220.0, 224.0,
          228.0, 232.0, 236.0, 240.0, 244.0, 248.0, 252.0, 256.0, 260.0, 264.0, 268.0,
          272.0, 276.0, 280.0, 284.0, 288.0, 292.0, 296.0, 300.0, 304.0, 308.0, 312.0,
          316.0, 320.0, 324.0, 328.0, 332.0, 336.0, 340.0, 344.0, 348.0, 352.0, 356.0]
        description: The wind direction frequencies. Binned in degrees, with North
          as the 0.
        frequency: [0.006934035297400477, 0.006677219175274534, 0.0064204030531485904,
          0.0061635869310226465, 0.0059067708088967035, 0.005766015818885369, 0.0057413219609886434,
          0.0057166281030919175, 0.005691934245195192, 0.005667240387298467, 0.005657362844139777,
          0.005647485300981087, 0.005637607757822397, 0.005627730214663707, 0.005731444417829953,
          0.005948750367321137, 0.006166056316812319, 0.006383362266303503, 0.0066006682157946864,
          0.007094545373729192, 0.007588422531663699, 0.008082299689598206, 0.008576176847532714,
          0.009092278477574274, 0.009630604579722887, 0.010168930681871498, 0.010707256784020111,
          0.011245582886168724, 0.011265337972486104, 0.011285093058803484, 0.011304848145120864,
          0.011324603231438244, 0.011099889124578044, 0.010630705824540263, 0.01016152252450248,
          0.0096923392244647, 0.009223155924426919, 0.009218217152847574, 0.009213278381268229,
          0.009208339609688884, 0.009203400838109539, 0.0094676251176045, 0.010001012448173766,
          0.010534399778743035, 0.011067787109312303, 0.01160117443988157, 0.012154316856768217,
          0.012707459273654865, 0.013260601690541513, 0.01381374410742816, 0.014268111092727905,
          0.01462370264644075, 0.014979294200153597, 0.01533488575386644, 0.015690477307579286,
          0.01577443642442815, 0.01585839554127702, 0.015942354658125886, 0.01602631377497475,
          0.0160040893028677, 0.015875681241804728, 0.015747273180741757, 0.015618865119678782,
          0.015490457058615811, 0.015347232682814804, 0.015204008307013796, 0.01506078393121279,
          0.014917559555411783, 0.01486570245382866, 0.01490521262646342, 0.01494472279909818,
          0.01498423297173294, 0.015023743144367701, 0.015028681915947048, 0.015033620687526391,
          0.015038559459105738, 0.015043498230685081, 0.014887926925935713, 0.014571845544857628,
          0.014255764163779544, 0.01393968278270146, 0.013623601401623376, 0.01288772443630096,
          0.012151847470978545, 0.011415970505656129, 0.010680093540333713, 0.00993680841764228,
          0.00918611513758183, 0.008435421857521379, 0.007684728577460928]
        maximum: 360.0
        minimum: 0.0
        units: deg
      speed:
        bins: [0.9, 1.98, 3.18, 4.4, 5.64, 6.87, 8.11, 9.35, 10.59, 11.83, 13.07,
          14.31, 15.56, 16.8, 18.04, 19.28, 20.52, 21.77, 23.01, 24.25]
        desctiption: wind speed frequency samples for each binned direction and wind
          speed
        frequency:
        - [0.015640175, 0.0497090909, 0.0811024638, 0.1050883329, 0.1190301631, 0.1222668202,
          0.1159445367, 0.1025108097, 0.0850102571, 0.0663764744, 0.0489239316, 0.0340999223,
          0.0225045684, 0.0140748572, 0.0083476946, 0.0046969535, 0.0025085092, 0.0012722583,
          0.0006121243, 0.0002800569]
        - [0.016048735088888887, 0.050850252900000004, 0.08271959913333334, 0.10681824752222221,
          0.12050239098888889, 0.12319869717777777, 0.11620316398888889, 0.10212435752222222,
          0.08413172496666667, 0.06522124326666666, 0.04770466088888889, 0.03298078827777778,
          0.02158128206666667, 0.013378458111111111, 0.007862784266666667, 0.004383034633333333,
          0.002318876177777778, 0.0011648845666666666, 0.0005552154555555556, 0.0002516030777777778]
        - [0.01645729517777778, 0.051991414900000005, 0.08433673446666666, 0.10854816214444445,
          0.12197461887777777, 0.12413057415555556, 0.11646179127777778, 0.10173790534444445,
          0.08325319283333334, 0.06406601213333334, 0.04648539017777778, 0.03186165425555556,
          0.020657995733333333, 0.012682059022222223, 0.007377873933333333, 0.004069115766666667,
          0.0021292431555555557, 0.0010575108333333333, 0.0004983066111111112, 0.00022314925555555557]
        - [0.016865855266666667, 0.0531325769, 0.0859538698, 0.11027807676666666,
          0.12344684676666666, 0.12506245113333334, 0.11672041856666666, 0.10135145316666666,
          0.08237466069999999, 0.062910781, 0.045266119466666664, 0.030742520233333334,
          0.0197347094, 0.011985659933333333, 0.0068929636, 0.0037551968999999996,
          0.0019396101333333331, 0.0009501371, 0.0004413977666666666, 0.00019469543333333335]
        - [0.017274415355555555, 0.0542737389, 0.08757100513333334, 0.1120079913888889,
          0.12491907465555555, 0.1259943281111111, 0.11697904585555555, 0.10096500098888889,
          0.08149612856666666, 0.06175554986666667, 0.044046848755555555, 0.029623386211111113,
          0.01881142306666667, 0.011289260844444446, 0.0064080532666666665, 0.0034412780333333334,
          0.001749977111111111, 0.0008427633666666667, 0.0003844889222222222, 0.00016624161111111112]
        - [0.017351785511111113, 0.0547683598, 0.08854626318888889, 0.11329902305555556,
          0.12623861854444443, 0.1270411350111111, 0.11753684732222222, 0.10095870836666666,
          0.08099215496666666, 0.06091692201111111, 0.04306799452222222, 0.028673705077777778,
          0.018002079, 0.01066786148888889, 0.005972102433333334, 0.0031595128666666666,
          0.0015810350444444444, 0.0007484027888888889, 0.00033525346666666666, 0.0001422355111111111]
        - [0.017097965733333335, 0.054616439600000004, 0.08887964396666667, 0.11415117176666667,
          0.12740547843333333, 0.12820287183333334, 0.11839382296666666, 0.1013325753,
          0.0808627399, 0.06039489743333333, 0.042329556766666665, 0.027893476833333333,
          0.017306677200000002, 0.010121461866666667, 0.0055851111, 0.0029099014,
          0.0014327839333333333, 0.0006670553666666667, 0.0002936914, 0.00012267713333333332]
        - [0.016844145955555556, 0.0544645194, 0.08921302474444444, 0.11500332047777778,
          0.12857233832222223, 0.12936460865555557, 0.11925079861111111, 0.10170644223333333,
          0.08073332483333333, 0.05987287285555556, 0.041591119011111115, 0.02711324858888889,
          0.0166112754, 0.009575062244444444, 0.005198119766666667, 0.002660289933333333,
          0.0012845328222222223, 0.0005857079444444445, 0.00025212933333333335, 0.00010311875555555556]
        - [0.016590326177777778, 0.054312599200000006, 0.08954640552222222, 0.1158554691888889,
          0.1297391982111111, 0.13052634547777778, 0.12010777425555555, 0.10208030916666667,
          0.08060390976666666, 0.05935084827777778, 0.04085268125555556, 0.026333020344444444,
          0.015915873599999998, 0.009028662622222223, 0.004811128433333334, 0.0024106784666666665,
          0.001136281711111111, 0.0005043605222222222, 0.00021056726666666666, 8.356037777777779e-05]
        - [0.0163365064, 0.054160679, 0.0898797863, 0.1167076179, 0.1309060581, 0.1316880823,
          0.1209647499, 0.1024541761, 0.0804744947, 0.0588288237, 0.0401142435, 0.0255527921,
          0.0152204718, 0.008482263, 0.0044241371, 0.002161067, 0.0009880306, 0.0004230131,
          0.00016900520000000003, 6.4002e-05]
        - [0.01562975351111111, 0.05286040251111111, 0.08883889307777777, 0.11640993354444445,
          0.1314456451888889, 0.13282811543333334, 0.12229705938888889, 0.1035885743,
          0.08117566314444444, 0.05905653814444444, 0.039976268366666665, 0.025217775277777778,
          0.0148406162, 0.008154218577777778, 0.0041858911222222225, 0.002009499511111111,
          0.000902025, 0.0003790106333333333, 0.00014878197777777778, 5.533493333333333e-05]
        - [0.014923000622222222, 0.05156012602222222, 0.08779799985555556, 0.11611224918888889,
          0.13198523227777778, 0.13396814856666667, 0.12362936887777777, 0.1047229725,
          0.0818768315888889, 0.059284252588888885, 0.039838293233333336, 0.024882758455555556,
          0.0144607606, 0.007826174155555556, 0.003947645144444445, 0.0018579320222222222,
          0.0008160194, 0.00033500816666666666, 0.00012855875555555554, 4.666786666666667e-05]
        - [0.014216247733333333, 0.05025984953333334, 0.08675710663333333, 0.11581456483333334,
          0.13252481936666669, 0.1351081817, 0.12496167836666666, 0.10585737070000001,
          0.08257800003333333, 0.059511967033333335, 0.0397003181, 0.02454774163333333,
          0.014080905, 0.007498129733333333, 0.0037093991666666665, 0.0017063645333333334,
          0.0007300137999999999, 0.0002910057, 0.00010833553333333332, 3.8000800000000004e-05]
        - [0.013509494844444444, 0.04895957304444445, 0.08571621341111112, 0.11551688047777778,
          0.13306440645555556, 0.13624821483333333, 0.12629398785555554, 0.1069917689,
          0.08327916847777778, 0.05973968147777778, 0.039562342966666664, 0.02421272481111111,
          0.0137010494, 0.007170085311111111, 0.0034711531888888887, 0.0015547970444444443,
          0.0006440082, 0.0002470032333333333, 8.81123111111111e-05, 2.9333733333333333e-05]
        - [0.012766011277777777, 0.04722678837777778, 0.08373503191111112, 0.11393032725555556,
          0.13228906475555557, 0.13639666439999998, 0.12719935628888887, 0.1083205082888889,
          0.08467483446666667, 0.0609368248, 0.040434845633333334, 0.02475802428888889,
          0.013990028655555556, 0.007294406488888889, 0.0035083686333333333, 0.0015556823444444444,
          0.0006350064111111111, 0.00023866906666666665, 8.300084444444444e-05, 2.65558e-05]
        - [0.011985797033333334, 0.045061495533333336, 0.08081356213333334, 0.11105490516666666,
          0.13019879426666667, 0.13555353039999998, 0.12767778366666666, 0.10984358886666667,
          0.086764998, 0.063103397, 0.0423178261, 0.026183640066666666, 0.014947842766666667,
          0.007871093266666667, 0.0038210454999999996, 0.0017090204333333333, 0.0007030084333333333,
          0.0002660032, 9.300113333333333e-05, 2.9667000000000002e-05]
        - [0.011205582788888889, 0.04289620268888889, 0.07789209235555555, 0.10817948307777778,
          0.1281085237777778, 0.1347103964, 0.12815621104444444, 0.11136666944444444,
          0.08885516153333334, 0.0652699692, 0.04420080656666667, 0.027609255844444444,
          0.015905656877777778, 0.008447780044444445, 0.004133722366666666, 0.0018623585222222222,
          0.0007710104555555556, 0.00029333733333333333, 0.00010300142222222222, 3.2778200000000004e-05]
        - [0.010425368544444445, 0.04073090984444445, 0.07497062257777778, 0.10530406098888889,
          0.12601825328888888, 0.1338672624, 0.12863463842222222, 0.11288975002222222,
          0.09094532506666667, 0.0674365414, 0.04608378703333334, 0.029034871622222222,
          0.01686347098888889, 0.009024466822222223, 0.004446399233333333, 0.0020156966111111113,
          0.0008390124777777777, 0.0003206714666666667, 0.00011300171111111111, 3.58894e-05]
        - [0.0096451543, 0.038565617, 0.0720491528, 0.1024286389, 0.1239279828, 0.1330241284,
          0.1291130658, 0.1144128306, 0.0930354886, 0.0696031136, 0.0479667675, 0.0304604874,
          0.0178212851, 0.0096011536, 0.0047590761, 0.0021690347, 0.0009070145, 0.0003480056,
          0.000123002, 3.90006e-05]
        - [0.0088165125, 0.03591730193333333, 0.06802832506666667, 0.09791709596666666,
          0.11996438086666666, 0.13050264997777777, 0.1285220934888889, 0.11571940451111111,
          0.09575621057777778, 0.07301838251111112, 0.05137389658888889, 0.03336170313333334,
          0.01999194207777778, 0.01104816948888889, 0.005625145744444444, 0.0026364030333333333,
          0.0011350306111111111, 0.0004486790222222222, 0.00016300457777777778, 5.366817777777778e-05]
        - [0.0079878707, 0.03326898686666667, 0.06400749733333333, 0.09340555303333334,
          0.11600077893333333, 0.12798117155555555, 0.1279311211777778, 0.11702597842222222,
          0.09847693255555555, 0.07643365142222222, 0.054781025677777775, 0.03626291886666667,
          0.022162599055555555, 0.012495185377777777, 0.006491215388888889, 0.0031037713666666666,
          0.0013630467222222223, 0.0005493524444444445, 0.00020300715555555558, 6.833575555555555e-05]
        - [0.0071592289, 0.0306206718, 0.0599866696, 0.0888940101, 0.112037177, 0.12545969313333333,
          0.12734014886666667, 0.11833255233333334, 0.10119765453333333, 0.07984892033333334,
          0.058188154766666667, 0.039164134600000004, 0.024333256033333334, 0.013942201266666666,
          0.007357285033333333, 0.0035711397000000003, 0.0015910628333333332, 0.0006500258666666666,
          0.00024300973333333335, 8.300333333333333e-05]
        - [0.0063305871, 0.027972356733333335, 0.05596584186666667, 0.08438246716666667,
          0.10807357506666666, 0.12293821471111112, 0.12674917655555556, 0.11963912624444445,
          0.1039183765111111, 0.08326418924444445, 0.06159528385555555, 0.042065350333333335,
          0.02650391301111111, 0.015389217155555555, 0.008223354677777777, 0.004038508033333334,
          0.0018190789444444445, 0.0007506992888888888, 0.0002830123111111111, 9.767091111111111e-05]
        - [0.0056357082, 0.025654652055555557, 0.05234236261111111, 0.08019435851111112,
          0.10424740403333332, 0.12032463201111111, 0.12587602816666668, 0.12057279425555556,
          0.1062874593, 0.08642829460000001, 0.06487626298888889, 0.04494296927777778,
          0.028708738211111112, 0.016887273644444444, 0.00913267198888889, 0.004533334933333333,
          0.0020609909, 0.0008568202, 0.0003247938555555556, 0.00011245]
        - [0.0050745922, 0.023667557766666666, 0.049116231833333336, 0.07632968413333334,
          0.1005586639, 0.11761894503333334, 0.1247207037, 0.12113355636666667, 0.1083049029,
          0.08934123640000001, 0.06803109216666667, 0.04779699143333334, 0.030947731633333333,
          0.018436370733333332, 0.010085236966666666, 0.0050556204, 0.0023167987,
          0.0009683886, 0.00036835436666666664, 0.0001273406]
        - [0.0045134762, 0.02168046347777778, 0.045890101055555556, 0.07246500975555556,
          0.09686992376666667, 0.11491325805555556, 0.12356537923333334, 0.12169431847777777,
          0.1103223465, 0.09225417820000001, 0.07118592134444444, 0.05065101358888889,
          0.03318672505555555, 0.019985467822222224, 0.011037801944444444, 0.005577905866666667,
          0.0025726065, 0.0010799569999999999, 0.00041191487777777775, 0.0001422312]
        - [0.0039523602, 0.01969336918888889, 0.04266397027777778, 0.06860033537777778,
          0.09318118363333333, 0.11220757107777778, 0.12241005476666666, 0.12225508058888888,
          0.1123397901, 0.09516712000000001, 0.07434075052222222, 0.05350503574444444,
          0.03542571847777778, 0.021534564911111113, 0.011990366922222221, 0.006100191333333334,
          0.0028284143, 0.0011915254, 0.00045547538888888886, 0.0001571218]
        - [0.0033912442, 0.0177062749, 0.0394378395, 0.064735661, 0.0894924435, 0.1095018841,
          0.1212547303, 0.1228158427, 0.1143572337, 0.0980800618, 0.0774955797, 0.0563590579,
          0.0376647119, 0.023083662, 0.0129429319, 0.0066224768, 0.0030842221, 0.0013030938,
          0.0004990359, 0.0001720124]
        - [0.0031490050444444445, 0.016748208877777778, 0.037777949322222226, 0.0626397446,
          0.08738119814444445, 0.10783934263333333, 0.12041358474444444, 0.12296143618888888,
          0.11540000190000001, 0.0997195366, 0.07933773138888889, 0.05805141618888889,
          0.038990594833333336, 0.023983288355555556, 0.013474084655555555, 0.006894498133333333,
          0.003203787055555556, 0.0013475417777777778, 0.0005121480777777777, 0.00017490153333333335]
        - [0.002906765888888889, 0.015790142855555554, 0.036118059144444443, 0.060543828200000004,
          0.0852699527888889, 0.10617680116666667, 0.1195724391888889, 0.12310702967777777,
          0.1164427701, 0.1013590114, 0.08117988307777778, 0.05974377447777778, 0.040316477766666664,
          0.024882914711111113, 0.01400523741111111, 0.007166519466666667, 0.0033233520111111115,
          0.0013919897555555556, 0.0005252602555555555, 0.00017779066666666666]
        - [0.0026645267333333333, 0.014832076833333332, 0.03445816896666667, 0.0584479118,
          0.08315870743333334, 0.1045142597, 0.11873129363333333, 0.12325262316666666,
          0.1174855383, 0.1029984862, 0.08302203476666667, 0.061436132766666665, 0.0416423607,
          0.025782541066666668, 0.014536390166666666, 0.0074385408, 0.0034429169666666667,
          0.0014364377333333333, 0.0005383724333333334, 0.0001806798]
        - [0.002422287577777778, 0.01387401081111111, 0.032798278788888885, 0.0563519954,
          0.08104746207777777, 0.10285171823333333, 0.11789014807777778, 0.12339821665555555,
          0.1185283065, 0.104637961, 0.08486418645555556, 0.06312849105555556, 0.04296824363333333,
          0.026682167422222222, 0.015067542922222222, 0.007710562133333333, 0.0035624819222222224,
          0.0014808857111111113, 0.0005514846111111111, 0.00018356893333333334]
        - [0.0022912798666666666, 0.01334964982222222, 0.0318789035, 0.05517561947777778,
          0.079841992, 0.10187594854444444, 0.11735986716666667, 0.12341998056666666,
          0.11906743803333333, 0.10553755278888888, 0.08590644017777778, 0.06410994575555555,
          0.04375600182222222, 0.02723100651111111, 0.015401801611111111, 0.007888470233333333,
          0.003644935277777778, 0.0015138893333333334, 0.0005625969888888889, 0.0001866804222222222]
        - [0.0022715036, 0.013258993866666666, 0.0317000431, 0.054918784033333334,
          0.0795422972, 0.10158695063333334, 0.1171404509, 0.12331791489999999, 0.1191029329,
          0.10569726156666666, 0.08614879593333333, 0.06438049686666666, 0.04400563526666666,
          0.027429058333333332, 0.015539166233333334, 0.0079722651, 0.0036902770333333335,
          0.0015354486, 0.0005717095666666667, 0.00019001426666666665]
        - [0.0022517273333333334, 0.01316833791111111, 0.0315211827, 0.05466194858888889,
          0.0792426024, 0.10129795272222222, 0.11692103463333334, 0.12321584923333333,
          0.11913842776666667, 0.10585697034444444, 0.08639115168888889, 0.06465104797777778,
          0.04425526871111111, 0.027627110155555554, 0.015676530855555555, 0.008056059966666666,
          0.0037356187888888887, 0.0015570078666666668, 0.0005808221444444444, 0.00019334811111111112]
        - [0.002231951066666667, 0.013077681955555556, 0.0313423223, 0.05440511314444444,
          0.0789429076, 0.10100895481111112, 0.11670161836666666, 0.12311378356666666,
          0.11917392263333333, 0.10601667912222222, 0.08663350744444444, 0.06492159908888889,
          0.044504902155555554, 0.027825161977777776, 0.015813895477777777, 0.008139854833333333,
          0.0037809605444444443, 0.0015785671333333334, 0.0005899347222222222, 0.00019668195555555556]
        - [0.0022121748, 0.012987026, 0.0311634619, 0.0541482777, 0.0786432128, 0.1007199569,
          0.1164822021, 0.1230117179, 0.1192094175, 0.1061763879, 0.0868758632, 0.0651921502,
          0.0447545356, 0.0280232138, 0.0159512601, 0.0082236497, 0.0038263023, 0.0016001264,
          0.0005990473, 0.0002000158]
        - [0.002290660777777778, 0.01326079908888889, 0.03155705787777778, 0.05451885376666667,
          0.07883876835555556, 0.10063399914444444, 0.11609641923333333, 0.1224088833,
          0.11854718878888888, 0.10562688441111111, 0.08656146026666667, 0.06514593077777778,
          0.04492339824444445, 0.028306306488888888, 0.01624818841111111, 0.008468241922222222,
          0.003994600966666667, 0.0016994958000000001, 0.0006499516333333333, 0.0002229106666666667]
        - [0.0023691467555555555, 0.013534572177777779, 0.03195065385555556, 0.05488942983333333,
          0.07903432391111112, 0.10054804138888888, 0.11571063636666667, 0.1218060487,
          0.11788496007777778, 0.10507738092222223, 0.08624705733333334, 0.06509971135555556,
          0.04509226088888889, 0.028589399177777777, 0.01654511672222222, 0.008712834144444443,
          0.004162899633333333, 0.0017988652, 0.0007008559666666666, 0.0002458055333333333]
        - [0.0024476327333333337, 0.013808345266666668, 0.03234424983333334, 0.0552600059,
          0.07922987946666667, 0.10046208363333334, 0.1153248535, 0.1212032141, 0.11722273136666667,
          0.10452787743333333, 0.0859326544, 0.06505349193333333, 0.045261123533333336,
          0.028872491866666666, 0.016842045033333333, 0.008957426366666667, 0.0043311983,
          0.0018982346000000002, 0.0007517603000000001, 0.0002687004]
        - [0.0025261187111111113, 0.014082118355555555, 0.03273784581111112, 0.05563058196666666,
          0.07942543502222223, 0.10037612587777778, 0.11493907063333333, 0.1206003795,
          0.11656050265555555, 0.10397837394444444, 0.08561825146666667, 0.0650072725111111,
          0.04542998617777778, 0.029155584555555555, 0.017138973344444444, 0.009202018588888888,
          0.004499496966666666, 0.001997604, 0.0008026646333333333, 0.0002915952666666667]
        - [0.0026287663444444446, 0.014415239377777778, 0.03318660167777778, 0.056013043211111106,
          0.07956547461111112, 0.100164533, 0.11437789907777779, 0.11980908693333334,
          0.11573732028888889, 0.10332756441111111, 0.0852773576111111, 0.06500557322222222,
          0.045695825233333334, 0.02956213172222222, 0.01756053538888889, 0.009554240399999999,
          0.0047492349, 0.0021515850111111113, 0.0008862629888888889, 0.0003317245777777778]
        - [0.0027555756333333334, 0.014807708333333334, 0.03369051743333334, 0.05640738963333333,
          0.07964999823333334, 0.099827305, 0.11364133883333334, 0.1188293364, 0.11475318426666667,
          0.10257544883333333, 0.08490997283333333, 0.06504839406666667, 0.0460586407,
          0.030092133366666666, 0.018106731166666667, 0.0100140918, 0.0050804121,
          0.0023601776333333335, 0.0010025553666666667, 0.0003890883333333333]
        - [0.002882384922222222, 0.015200177288888889, 0.03419443318888889, 0.05680173605555555,
          0.07973452185555556, 0.099490077, 0.1129047785888889, 0.11784958586666666,
          0.11376904824444443, 0.10182333325555555, 0.08454258805555556, 0.06509121491111111,
          0.046421456166666666, 0.030622135011111114, 0.018652926944444443, 0.0104739432,
          0.0054115893, 0.0025687702555555556, 0.0011188477444444445, 0.0004464520888888889]
        - [0.003009194211111111, 0.015592646244444446, 0.03469834894444444, 0.05719608247777778,
          0.07981904547777778, 0.099152849, 0.11216821834444445, 0.11686983533333334,
          0.11278491222222221, 0.10107121767777778, 0.08417520327777778, 0.06513403575555556,
          0.04678427163333333, 0.031152136655555558, 0.019199122722222222, 0.0109337946,
          0.0057427665, 0.0027773628777777778, 0.0012351401222222224, 0.0005038158444444444]
        - [0.0031360035, 0.0159851152, 0.0352022647, 0.0575904289, 0.0799035691, 0.098815621,
          0.1114316581, 0.1158900848, 0.1118007762, 0.1003191021, 0.0838078185, 0.0651768566,
          0.0471470871, 0.0316821383, 0.0197453185, 0.011393646, 0.0060739437, 0.0029859555,
          0.0013514325, 0.0005611796]
        - [0.0033505114333333332, 0.016592870377777777, 0.03595130265555556, 0.058179514366666664,
          0.08008093658888889, 0.09845191355555556, 0.11055911612222222, 0.11469264868888888,
          0.110553084, 0.09929636047777778, 0.08320030803333334, 0.0650432862, 0.04741902183333333,
          0.03221128952222222, 0.020365486366666668, 0.01197221928888889, 0.006535853611111111,
          0.0033109804555555553, 0.0015559635, 0.0006773328666666666]
        - [0.0035650193666666666, 0.017200625555555557, 0.03670034061111111, 0.05876859983333333,
          0.08025830407777777, 0.09808820611111112, 0.10968657414444444, 0.11349521257777778,
          0.1093053918, 0.09827361885555556, 0.08259279756666667, 0.0649097158, 0.047690956566666665,
          0.032740440744444446, 0.020985654233333335, 0.012550792577777779, 0.006997763522222222,
          0.003636005411111111, 0.0017604945000000002, 0.0007934861333333333]
        - [0.0037795273, 0.017808380733333334, 0.03744937856666667, 0.0593576853,
          0.08043567156666667, 0.09772449866666667, 0.10881403216666667, 0.11229777646666667,
          0.1080576996, 0.09725087723333334, 0.0819852871, 0.0647761454, 0.0479628913,
          0.033269591966666665, 0.021605822099999998, 0.013129365866666668, 0.007459673433333333,
          0.003961030366666667, 0.0019650255, 0.0009096394]
        - [0.0039940352333333335, 0.01841613591111111, 0.03819841652222222, 0.059946770766666664,
          0.08061303905555556, 0.09736079122222223, 0.10794149018888889, 0.11110034035555556,
          0.1068100074, 0.09622813561111111, 0.08137777663333333, 0.06464257500000001,
          0.04823482603333333, 0.03379874318888889, 0.022225989966666665, 0.013707939155555557,
          0.007921583344444445, 0.004286055322222222, 0.0021695565, 0.0010257926666666667]
        - [0.004253999177777778, 0.0191198314, 0.0390612876, 0.06065576696666666,
          0.0809134127111111, 0.0971206329888889, 0.10718384054444445, 0.10999087084444445,
          0.10560058246666666, 0.09517668057777778, 0.08067221575555555, 0.06435772893333334,
          0.048332496511111114, 0.03416332971111111, 0.022716542811111108, 0.014202435477777779,
          0.0083419923, 0.004600529011111111, 0.0023808591444444446, 0.0011549651666666666]
        - [0.004559419133333333, 0.0199194672, 0.0400379918, 0.0614846739, 0.08133679253333333,
          0.09700402396666667, 0.10654108323333333, 0.10896936793333334, 0.1044294248,
          0.09409651213333334, 0.07986860446666667, 0.06392160720000001, 0.048255902733333335,
          0.03436335153333333, 0.02307748063333333, 0.014612854833333333, 0.008720900299999999,
          0.004904451433333333, 0.0025989334333333335, 0.0012971569]
        - [0.004864839088888889, 0.020719103, 0.041014696, 0.06231358083333333, 0.08176017235555555,
          0.09688741494444444, 0.10589832592222222, 0.10794786502222223, 0.10325826713333333,
          0.09301634368888889, 0.07906499317777778, 0.06348548546666667, 0.048179308955555555,
          0.03456337335555555, 0.023438418455555554, 0.015023274188888889, 0.0090998083,
          0.005208373855555556, 0.0028170077222222224, 0.0014393486333333333]
        - [0.005170259044444445, 0.0215187388, 0.0419914002, 0.06314248776666667,
          0.08218355217777777, 0.09677080592222223, 0.10525556861111111, 0.10692636211111112,
          0.10208710946666666, 0.09193617524444445, 0.0782613818888889, 0.06304936373333334,
          0.04810271517777778, 0.034763395177777774, 0.023799356277777777, 0.015433693544444443,
          0.009478716299999999, 0.005512296277777778, 0.0030350820111111113, 0.0015815403666666666]
        - [0.005475679, 0.0223183746, 0.0429681044, 0.0639713947, 0.082606932, 0.0966541969,
          0.1046128113, 0.1059048592, 0.1009159518, 0.0908560068, 0.0774577706, 0.062613242,
          0.0480261214, 0.034963417, 0.0241602941, 0.0158441129, 0.0098576243, 0.0058162187,
          0.0032531563, 0.0017237321]
        - [0.005751817488888889, 0.0230235076, 0.04386453988888889, 0.06482625814444444,
          0.08322986088888888, 0.0969265535888889, 0.10450444607777777, 0.10546862488888889,
          0.10026351815555555, 0.09012252964444445, 0.07676764766666667, 0.06205363002222222,
          0.04763689971111111, 0.034742047711111106, 0.024074689766666667, 0.015849959677777775,
          0.0099121531, 0.005886646455555556, 0.0033189053666666667, 0.0017757642111111112]
        - [0.006027955977777778, 0.0237286406, 0.044760975377777776, 0.06568112158888889,
          0.08385278977777777, 0.09719891027777779, 0.10439608085555556, 0.10503239057777777,
          0.09961108451111111, 0.08938905248888888, 0.07607752473333333, 0.061494018044444446,
          0.047247678022222225, 0.03452067842222222, 0.023989085433333335, 0.015855806455555555,
          0.0099666819, 0.005957074211111111, 0.0033846544333333336, 0.0018277963222222222]
        - [0.006304094466666667, 0.0244337736, 0.045657410866666664, 0.06653598503333333,
          0.08447571866666666, 0.09747126696666666, 0.10428771563333333, 0.10459615626666667,
          0.09895865086666666, 0.08865557533333333, 0.0753874018, 0.06093440606666667,
          0.04685845633333333, 0.03429930913333333, 0.023903481100000002, 0.01586165323333333,
          0.0100212107, 0.006027501966666667, 0.0034504035, 0.0018798284333333335]
        - [0.006580232955555555, 0.025138906599999997, 0.04655384635555555, 0.06739084847777778,
          0.08509864755555555, 0.09774362365555556, 0.10417935041111111, 0.10415992195555555,
          0.09830621722222223, 0.08792209817777777, 0.07469727886666667, 0.06037479408888889,
          0.04646923464444444, 0.03407793984444444, 0.02381787676666667, 0.01586750001111111,
          0.0100757395, 0.006097929722222222, 0.003516152566666667, 0.0019318605444444445]
        - [0.0067866785555555555, 0.02566755761111111, 0.047234427411111106, 0.06805526152222222,
          0.08560639008888889, 0.0980032995, 0.10416128402222222, 0.10389341795555555,
          0.09786457515555556, 0.08739871403333332, 0.07418139858888889, 0.05993315084444445,
          0.04613702198888889, 0.0338610181, 0.023700207622222223, 0.01582236771111111,
          0.010075196244444444, 0.0061189085444444445, 0.0035430241444444448, 0.0019561002666666667]
        - [0.006923431266666667, 0.026019726633333334, 0.04769915403333333, 0.06852922416666667,
          0.08599894626666667, 0.0982502945, 0.10423351646666666, 0.10379664426666667,
          0.09763372466666667, 0.0870854229, 0.07383976096666667, 0.059609476333333335,
          0.04586181836666667, 0.0336485439, 0.02355047366666667, 0.015726256333333334,
          0.010019580933333333, 0.006090438433333334, 0.0035310182333333335, 0.0019525476]
        - [0.007060183977777777, 0.026371895655555554, 0.048163880655555553, 0.06900318681111112,
          0.08639150244444443, 0.0984972895, 0.1043057489111111, 0.10369987057777777,
          0.09740287417777778, 0.08677213176666666, 0.07349812334444444, 0.05928580182222222,
          0.04558661474444444, 0.0334360697, 0.02340073971111111, 0.015630144955555557,
          0.009963965622222222, 0.006061968322222222, 0.003519012322222222, 0.0019489949333333335]
        - [0.007196936688888889, 0.026724064677777777, 0.04862860727777778, 0.06947714945555555,
          0.08678405862222222, 0.0987442845, 0.10437798135555555, 0.10360309688888888,
          0.09717202368888889, 0.08645884063333334, 0.07315648572222222, 0.05896212731111111,
          0.04531141112222222, 0.0332235955, 0.023251005755555557, 0.015534033577777778,
          0.00990835031111111, 0.006033498211111111, 0.0035070064111111113, 0.0019454422666666667]
        - [0.0073336894, 0.0270762337, 0.0490933339, 0.0699511121, 0.0871766148, 0.0989912795,
          0.1044502138, 0.1035063232, 0.0969411732, 0.0861455495, 0.0728148481, 0.0586384528,
          0.0450362075, 0.0330111213, 0.0231012718, 0.0154379222, 0.009852735, 0.0060050281,
          0.0034950005, 0.0019418896]
        - [0.007267215466666667, 0.026935337166666667, 0.04895070101111111, 0.06986045041111112,
          0.08716837686666666, 0.09907129341111111, 0.10460075582222222, 0.10369475635555556,
          0.0971292571111111, 0.08629987392222223, 0.07291438721111111, 0.058676346399999996,
          0.04501955156666667, 0.03295475481111111, 0.023023569533333333, 0.015355471577777778,
          0.009777234044444444, 0.005942848411111111, 0.0034483033888888888, 0.0019095155111111112]
        - [0.007200741533333333, 0.026794440633333333, 0.04880806812222222, 0.06976978872222223,
          0.08716013893333333, 0.09915130732222223, 0.10475129784444444, 0.10388318951111111,
          0.09731734102222221, 0.08645419834444444, 0.07301392632222221, 0.05871424,
          0.04500289563333334, 0.03289838832222222, 0.022945867266666666, 0.015273020955555555,
          0.009701733088888888, 0.0058806687222222225, 0.003401606277777778, 0.0018771414222222222]
        - [0.0071342676, 0.0266535441, 0.04866543523333333, 0.06967912703333334, 0.08715190099999999,
          0.09923132123333334, 0.10490183986666667, 0.10407162266666667, 0.09750542493333333,
          0.08660852276666667, 0.07311346543333333, 0.0587521336, 0.0449862397, 0.03284202183333333,
          0.022868165, 0.015190570333333334, 0.009626232133333332, 0.005818489033333333,
          0.0033549091666666667, 0.0018447673333333334]
        - [0.0070677936666666665, 0.026512647566666665, 0.04852280234444444, 0.06958846534444445,
          0.08714366306666665, 0.09931133514444444, 0.10505238188888888, 0.10426005582222223,
          0.09769350884444444, 0.0867628471888889, 0.07321300454444445, 0.0587900272,
          0.04496958376666667, 0.03278565534444444, 0.022790462733333332, 0.01510811971111111,
          0.009550731177777777, 0.005756309344444445, 0.0033082120555555554, 0.0018123932444444443]
        - [0.006993544977777778, 0.026339158766666666, 0.048320121744444444, 0.06941561994444445,
          0.08704261776666666, 0.0993016281888889, 0.10513054191111111, 0.10440380285555556,
          0.09786996441111111, 0.08693797567777778, 0.0733597286, 0.05889279131111111,
          0.045025141955555556, 0.03280052442222222, 0.022776373655555553, 0.015077912277777777,
          0.00951535841111111, 0.005723284666666667, 0.0032812773222222224, 0.0017926311333333333]
        - [0.0069115215333333336, 0.0261330777, 0.04805739343333333, 0.06916059083333334,
          0.0868487651, 0.09920220036666667, 0.10513631993333333, 0.10450286376666666,
          0.09803479163333333, 0.08713390823333333, 0.0735536376, 0.059060425933333334,
          0.04515291426666667, 0.032886629066666666, 0.022825897766666665, 0.015099948033333333,
          0.009520113833333333, 0.005719415, 0.0032741049666666668, 0.001785481]
        - [0.006829498088888889, 0.025926996633333334, 0.047794665122222225, 0.06890556172222222,
          0.08665491243333333, 0.09910277254444444, 0.10514209795555556, 0.10460192467777778,
          0.09819961885555556, 0.08732984078888889, 0.0737475466, 0.05922806055555556,
          0.04528068657777778, 0.03297273371111111, 0.022875421877777777, 0.015121983788888889,
          0.009524869255555556, 0.005715545333333333, 0.003266932611111111, 0.0017783308666666667]
        - [0.006747474644444445, 0.025720915566666665, 0.04753193681111111, 0.0686505326111111,
          0.08646105976666667, 0.09900334472222222, 0.10514787597777778, 0.10470098558888888,
          0.09836444607777778, 0.08752577334444445, 0.0739414556, 0.05939569517777778,
          0.04540845888888889, 0.03305883835555556, 0.02292494598888889, 0.015144019544444444,
          0.009529624677777777, 0.005711675666666667, 0.0032597602555555555, 0.0017711807333333333]
        - [0.0066654512, 0.0255148345, 0.0472692085, 0.0683955035, 0.0862672071, 0.0989039169,
          0.105153654, 0.1048000465, 0.0985292733, 0.0877217059, 0.0741353646, 0.0595633298,
          0.0455362312, 0.033144943, 0.0229744701, 0.0151660553, 0.0095343801, 0.005707806,
          0.0032525879, 0.0017640306]
        - [0.006702236911111111, 0.025652695655555554, 0.04751465603333333, 0.06872609587777777,
          0.08663906532222222, 0.09926236998888889, 0.10544320635555555, 0.10497790012222222,
          0.09857373307777778, 0.08763458814444444, 0.0739401951111111, 0.05929688508888889,
          0.04523987408888889, 0.03285485553333334, 0.022717454033333334, 0.014956664166666666,
          0.009375828122222221, 0.005595539377777778, 0.0031782942555555554, 0.0017178627555555555]
        - [0.006739022622222222, 0.02579055681111111, 0.04776010356666666, 0.06905668825555555,
          0.08701092354444445, 0.09962082307777778, 0.10573275871111111, 0.10515575374444444,
          0.09861819285555555, 0.08754747038888888, 0.07374502562222222, 0.05903044037777778,
          0.04494351697777778, 0.032564768066666666, 0.022460437966666667, 0.014747273033333333,
          0.009217276144444444, 0.005483272755555556, 0.003104000611111111, 0.001671694911111111]
        - [0.0067758083333333335, 0.025928417966666666, 0.0480055511, 0.06938728063333333,
          0.08738278176666667, 0.09997927616666667, 0.10602231106666667, 0.10533360736666667,
          0.09866265263333333, 0.08746035263333334, 0.07354985613333333, 0.058763995666666666,
          0.04464715986666667, 0.0322746806, 0.0222034219, 0.0145378819, 0.009058724166666665,
          0.005371006133333333, 0.0030297069666666665, 0.0016255270666666666]
        - [0.006812594044444445, 0.02606627912222222, 0.048250998633333333, 0.06971787301111111,
          0.0877546399888889, 0.10033772925555556, 0.10631186342222222, 0.10551146098888889,
          0.0987071124111111, 0.08737323487777778, 0.07335468664444444, 0.058497550955555554,
          0.04435080275555556, 0.031984593133333336, 0.02194640583333333, 0.014328490766666667,
          0.008900172188888889, 0.005258739511111111, 0.002955413322222222, 0.0015793592222222222]
        - [0.007023890066666667, 0.026675295255555554, 0.04914707271111111, 0.07074510702222223,
          0.08874030887777778, 0.10112482415555556, 0.10678750611111111, 0.10562552243333333,
          0.09847503902222222, 0.08686420772222221, 0.07266934804444444, 0.057743197833333336,
          0.04361993837777778, 0.031341945266666664, 0.021425737922222222, 0.013936304744444445,
          0.008623963244444444, 0.005076130444444445, 0.0028418338999999996, 0.0015128269111111111]
        - [0.0074096964, 0.027755466366666665, 0.05069377333333333, 0.07246898266666667,
          0.09033978843333333, 0.10234056086666667, 0.10744923913333333, 0.1056757917,
          0.09796643246666667, 0.08593327116666666, 0.07149384033333334, 0.0565009363,
          0.04245456673333333, 0.030346737, 0.020641418166666665, 0.013361323833333334,
          0.008230097333333332, 0.004823178933333333, 0.0026889686999999997, 0.0014259301333333335]
        - [0.0077955027333333335, 0.028835637477777776, 0.052240473955555554, 0.07419285831111111,
          0.09193926798888889, 0.10355629757777778, 0.10811097215555555, 0.10572606096666666,
          0.09745782591111112, 0.0850023346111111, 0.07031833262222222, 0.05525867476666667,
          0.04128919508888889, 0.029351528733333333, 0.01985709841111111, 0.012786342922222223,
          0.007836231422222222, 0.004570227422222223, 0.0025361035, 0.0013390333555555556]
        - [0.008181309066666666, 0.029915808588888888, 0.05378717457777778, 0.07591673395555555,
          0.09353874754444444, 0.10477203428888889, 0.10877270517777778, 0.10577633023333333,
          0.09694921935555556, 0.08407139805555555, 0.06914282491111111, 0.05401641323333334,
          0.04012382344444444, 0.028356320466666668, 0.019072778655555553, 0.012211362011111112,
          0.007442365511111111, 0.004317275911111112, 0.0023832383, 0.001252136577777778]
        - [0.0085671154, 0.0309959797, 0.0553338752, 0.0776406096, 0.0951382271, 0.105987771,
          0.1094344382, 0.1058265995, 0.0964406128, 0.0831404615, 0.0679673172, 0.0527741517,
          0.0389584518, 0.0273611122, 0.0182884589, 0.0116363811, 0.0070484996, 0.0040643244,
          0.0022303731, 0.0011652398]
